-,-,-
0.488281, -31.005859, 1034.179688
71.777344, -60.302734, 1025.878906
37.109375, -195.068359, 1209.960938
331.054688, -363.525391, 1368.164062
743.652344, -875.244141, 1347.167969
326.660156, -626.708984, 971.679688
189.941406, -693.603516, 580.566406
-67.626953, -534.423828, 504.882812
-281.982422, -556.884766, -12.451172
-398.193359, -577.392578, 164.062500
-531.494141, -409.423828, 518.066406
-946.044922, -218.017578, 356.445312
-1028.076172, -46.630859, 90.820312
-910.888672, 507.812500, 478.515625
-857.177734, 261.230469, 638.183594
-398.681641, -59.814453, 1107.421875
-,-,-
875.000000, -837.158203, 645.996094
1664.550781, -489.501953, 1012.695312
1599.609375, -186.279297, 698.242188
46.386719, -164.306641, 241.210938
-1697.509766, 395.996094, -1481.689453
-1999.755859, 1999.755859, -1713.134766
-1999.755859, -450.927734, -1621.826172
-326.904297, 183.593750, 12.695312
530.273438, 615.722656, 373.046875
1103.027344, 186.035156, 1090.332031
1999.755859, 1473.632812, 1534.179688
1999.755859, -9.033203, 467.773438
1066.406250, -186.279297, -161.376953
-,-,-
758.789062, -1319.091797, 1654.296875
767.578125, -1606.201172, 746.093750
-105.712891, -218.994141, 97.167969
-726.318359, -647.705078, -490.478516
-1260.986328, 373.535156, -1305.419922
-1414.306641, 190.429688, -1927.978516
-324.951172, -464.599609, -379.638672
-187.255859, -582.763672, 269.531250
-66.650391, -1175.048828, 1535.644531
1496.582031, -1999.755859, 1999.755859
1276.855469, -1532.470703, 1282.714844
-1066.650391, -289.794922, 187.011719
-1536.865234, 355.957031, -1439.208984
-1924.560547, 958.984375, -1999.755859
-342.041016, -576.416016, -516.845703
-,-,-
-1061.279297, -135.009766, -38.818359
-1999.755859, 251.953125, 921.875000
-1999.755859, -487.060547, 940.429688
-293.212891, -619.384766, 1045.898438
1326.171875, -344.970703, 1198.730469
1999.755859, -844.970703, 1740.722656
1999.755859, -1081.787109, 1430.664062
-696.044922, -408.935547, 631.835938
-1999.755859, 1080.078125, 156.738281
-1999.755859, -292.724609, 589.355469
-254.150391, -794.189453, 770.996094
1281.738281, -922.607422, 500.976562
1999.755859, -1349.365234, -12.451172
1787.109375, -959.228516, -428.466797
-131.103516, -438.720703, 317.871094
-1717.041016, -320.068359, 1999.755859
-1690.185547, -291.748047, 1197.753906
-,-,-
1999.755859, -1100.341797, 82.031250
1083.007812, -619.384766, 97.167969
-41.259766, -1256.103516, 758.300781
-1901.123047, 302.734375, 929.199219
-1999.755859, 917.480469, 166.503906
-1273.193359, -287.841797, 1074.218750
432.128906, -1087.646484, 573.730469
939.453125, -484.619141, 315.429688
595.214844, 40.527344, 265.625000
68.359375, 77.148438, 729.980469
20.507812, -62.255859, 1330.078125
320.800781, -329.833984, 1627.929688
536.621094, -579.833984, 1396.484375
655.761719, -1590.087891, 1124.511719
179.199219, -1689.697266, 333.007812
-1010.009766, -783.935547, 219.726562
-975.341797, 8.789062, 877.441406
-,-,-
1505.859375, -1304.931641, 243.164062
492.187500, -305.419922, 585.449219
-523.193359, 115.722656, 1304.687500
-1399.169922, 736.816406, 1846.679688
-826.904297, 82.519531, 1650.390625
-433.837891, -98.876953, 1074.707031
59.082031, -281.494141, 199.218750
965.332031, -738.525391, -516.845703
1921.386719, -1098.388672, -1152.587891
1999.755859, -1538.818359, -763.427734
740.722656, -1397.216797, 407.226562
-457.275391, -738.037109, 1323.730469
-1628.173828, 851.074219, 1999.755859
-1400.146484, 859.375000, 1999.755859
-32.958984, -725.341797, 1003.417969
502.441406, -608.154297, 247.070312
525.878906, -184.326172, -29.052734
533.203125, -363.037109, 45.898438
-,-,-
966.308594, -524.169922, 759.765625
740.234375, -1043.701172, 1708.984375
-295.654297, -1584.716797, 1999.755859
-394.775391, -1628.662109, 1657.226562
-293.701172, -799.072266, -307.373047
71.777344, 770.996094, -1999.755859
445.312500, 1999.755859, -1999.755859
-516.845703, 1487.304688, -699.951172
-1008.056641, -785.888672, 1188.964844
-1748.291016, -1281.005859, 1999.755859
-1016.357422, -779.052734, 1999.755859
-126.220703, -1980.712891, 1999.755859
-,-,-
1125.488281, -1160.400391, 1404.296875
218.261719, -1333.740234, 1999.755859
-1105.712891, -1170.166016, 1999.755859
-655.029297, -1722.412109, 297.363281
-496.337891, -458.251953, -1251.220703
-371.337891, 1013.183594, -1381.591797
124.023438, 1200.195312, -1416.259766
-71.044922, 1314.453125, 593.750000
617.187500, 298.339844, 1999.755859
-534.423828, 530.273438, 1999.755859
-721.923828, -848.388672, 1999.755859
-415.771484, -1286.865234, 1999.755859
-52.490234, -1789.306641, 1205.566406
117.187500, -1675.048828, -81.787109
-161.376953, -989.990234, -1008.544922
-,-,-
-691.162109, 246.093750, -661.865234
-,-,-
59.082031, -479.736328, 1999.755859
-926.025391, -529.052734, 1999.755859
-1157.470703, -701.904297, 824.218750
-450.927734, 228.027344, -982.177734
231.445312, 1734.375000, -1999.755859
-132.080078, 958.984375, -1857.177734
-854.248047, -218.017578, 18.554688
-869.873047, -1172.119141, 1930.175781
-747.314453, -1355.712891, 1999.755859
-627.685547, -1164.794922, 1999.755859
-427.490234, -1616.943359, 1639.648438
-,-,-
-1145.751953, -531.005859, 1999.755859
-110.107422, -1823.486328, 1999.755859
169.433594, -1321.044922, 738.769531
612.304688, -911.865234, -556.396484
407.226562, -1372.314453, -822.998047
-,-,-
-364.501953, 1099.609375, 1678.710938
-356.201172, 838.378906, 1667.968750
-52.978516, 98.144531, 1999.755859
485.839844, -280.517578, 1986.328125
1006.835938, -1050.048828, 1999.755859
899.902344, -1298.583984, 963.378906
596.191406, -1202.880859, 450.683594
41.503906, -489.501953, -758.544922
-572.509766, -56.396484, -711.181641
-1014.404297, 259.277344, -64.697266
-,-,-
-274.658203, -913.330078, 1283.691406
-827.880859, -911.376953, 170.898438
-356.201172, -362.060547, -442.138672
296.386719, 787.109375, -906.494141
622.558594, 816.894531, -690.185547
687.500000, 375.976562, -146.240234
310.058594, 582.519531, 1173.828125
210.937500, 49.804688, 1999.755859
174.804688, -804.443359, 1999.755859
-242.431641, -1441.162109, 1999.755859
-491.455078, -1758.544922, 1803.222656
-510.498047, -1911.865234, 450.683594
-649.658203, -1075.927734, 418.457031
-,-,-
766.601562, 318.847656, 166.503906
337.402344, -156.005859, 1424.316406
501.464844, -1598.388672, 1999.755859
358.398438, -1943.603516, 1999.755859
-386.962891, -1490.478516, 1999.755859
-1134.033203, -724.365234, 1999.755859
-882.568359, -401.611328, -85.693359
-749.267578, 989.257812, -1383.056641
-85.205078, 1199.218750, -1999.755859
-323.486328, 324.707031, -1070.556641
-957.763672, -436.767578, 943.359375
-302.978516, -418.212891, 1732.910156
190.917969, -817.626953, 1999.755859
943.847656, -1182.373047, 1999.755859
836.914062, -1134.521484, 1999.755859
-,-,-
127.929688, 493.164062, -1052.978516
364.257812, 378.906250, 122.558594
416.015625, 420.898438, 1231.445312
403.320312, 223.632812, 1999.755859
181.640625, -115.478516, 1999.755859
430.664062, -949.462891, 1659.179688
529.785156, -1952.392578, 1650.878906
443.359375, -1999.755859, 996.582031
-167.236328, -1720.458984, 546.386719
-484.130859, -843.505859, 302.734375
-555.908203, -291.748047, 456.054688
-246.337891, 483.398438, 530.273438
810.058594, 522.460938, 612.792969
1226.562500, -305.419922, 1822.265625
1329.589844, -1625.732422, 1999.755859
705.566406, -1303.955078, 1999.755859
-,-,-
-73.974609, 298.339844, -1218.505859
-301.513672, -36.376953, -386.474609
-973.876953, -521.728516, 1004.394531
-410.400391, -1789.794922, 1903.808594
-23.193359, -1854.248047, 1999.755859
144.531250, -1883.056641, 1999.755859
370.117188, -1999.755859, 1999.755859
-339.599609, -1027.587891, 1999.755859
-660.888672, 238.769531, 837.402344
-560.791016, 882.812500, 10.742188
-492.431641, 1058.593750, -623.779297
-137.451172, 1132.324219, -1208.740234
-350.341797, 239.746094, -643.798828
-676.025391, -781.005859, -61.767578
-470.947266, -1999.755859, 1120.605469
-,-,-
778.808594, 912.597656, 1594.726562
774.902344, -217.529297, 1862.792969
380.859375, -829.345703, 1735.351562
-15.869141, -1051.025391, 1484.863281
-405.517578, -1051.025391, 481.933594
-544.189453, -1509.033203, -147.216797
-150.634766, -1804.443359, -304.443359
-314.208984, -822.998047, 404.296875
122.558594, -344.482422, 1394.531250
506.347656, -60.791016, 1874.023438
791.992188, -239.013672, 1999.755859
541.503906, 75.683594, 1634.277344
330.078125, 90.820312, 773.925781
-20.263672, 142.578125, 197.753906
-213.623047, 312.500000, -539.794922
-,-,-
337.402344, -15.380859, 1999.755859
190.917969, 122.070312, 1999.755859
310.058594, -176.025391, 1544.433594
-36.376953, -641.845703, 879.882812
-35.400391, -1190.673828, 40.527344
197.265625, -1484.130859, -652.587891
50.292969, -995.361328, 106.933594
34.179688, -620.361328, 1611.816406
-319.091797, -125.732422, 1999.755859
-195.556641, 293.457031, 1999.755859
-567.626953, 721.679688, 928.710938
-279.052734, 49.804688, 529.296875
-282.958984, -26.611328, -83.740234
16.601562, -70.068359, -375.732422
478.027344, -239.501953, -754.638672
726.074219, -660.400391, -522.216797
544.921875, -1244.873047, 1029.785156
575.195312, -1999.755859, 1999.755859
-395.751953, -1426.025391, 1999.755859
-1462.158203, -177.978516, 1999.755859
-,-,-
-312.744141, -387.451172, 916.015625
311.035156, -1050.048828, 981.445312
235.839844, -890.380859, 1403.320312
495.117188, -304.443359, 1439.453125
510.253906, -709.716797, 1044.433594
-316.650391, -619.384766, 281.250000
-177.978516, 152.343750, 309.570312
80.078125, -712.646484, 1091.308594
179.687500, -366.943359, 840.820312
-379.638672, -685.302734, 987.792969
-78.857422, -356.689453, 972.167969
-308.837891, -57.373047, 658.203125
-523.193359, 135.742188, 497.070312
-738.037109, 57.128906, 883.789062
118.652344, -826.904297, 1506.347656
-,-,-
285.644531, -198.486328, 934.082031
576.171875, -207.763672, 917.968750
929.199219, -718.505859, 755.859375
1002.441406, -736.572266, 1078.125000
355.957031, -360.595703, 713.867188
784.667969, -1417.724609, 777.832031
-85.205078, -754.150391, 706.542969
-335.693359, -522.216797, 400.390625
-568.603516, -888.916016, 816.894531
-823.486328, 52.734375, 608.886719
-,-,-
376.953125, -232.666016, 1241.210938
862.792969, -461.181641, 1213.867188
676.757812, -918.212891, 1146.484375
31.250000, -510.498047, 798.828125
-218.994141, -897.216797, 882.812500
-714.599609, -81.298828, 864.746094
-926.025391, -73.974609, 878.906250
-705.322266, -391.357422, 854.492188
-561.767578, -458.251953, 709.472656
128.906250, -338.134766, 954.101562
400.390625, -468.505859, 989.257812
250.488281, -892.822266, 684.570312
35.156250, -940.185547, 698.730469
-503.662109, -475.830078, 901.855469
-517.333984, -319.580078, 729.492188
-668.701172, -320.556641, 444.824219
-622.314453, -562.255859, 648.925781
-357.666016, -239.013672, 322.753906
-254.638672, -227.294922, 389.160156
334.472656, -618.408203, 774.902344
287.597656, -363.037109, 723.632812
114.257812, -406.982422, 690.429688
38.085938, -487.060547, 740.722656
-,-,-
-1801.025391, -306.396484, 1999.755859
-743.896484, -398.681641, 1999.755859
1999.755859, -677.978516, -367.431641
-482.177734, -79.345703, 365.722656
-1494.873047, -17.333984, 1999.755859
1999.755859, -1013.916016, 23.437500
-1521.728516, 85.449219, 1007.812500
-663.818359, -17.822266, 1588.867188
1999.755859, -455.322266, -482.666016
-1953.857422, -677.001953, 1377.929688
347.656250, -590.576172, 1488.769531
1259.765625, -321.533203, -11.474609
-1055.908203, -254.150391, 1133.789062
301.269531, -444.580078, 1375.976562
299.804688, -447.021484, 1048.828125
-,-,-
-1999.755859, -92.529297, 1999.755859
-459.228516, -1203.369141, 1999.755859
-,-,-
-1999.755859, -74.462891, 1990.234375
226.074219, -312.744141, 1940.429688
1999.755859, -526.123047, -864.501953
-1871.826172, -187.255859, 1605.957031
605.468750, -1019.775391, 1862.792969
1999.755859, -195.556641, -974.853516
-1439.208984, -500.732422, 1596.679688
283.691406, -380.126953, 1954.589844
1422.363281, -405.029297, -96.923828
-,-,-
-499.755859, -505.615234, 675.292969
-439.208984, -518.798828, 713.867188
-489.501953, -469.482422, 701.171875
-494.384766, -475.830078, 711.914062
-372.802734, -582.763672, 781.738281
-888.427734, -81.298828, 129.394531
-667.236328, -153.564453, -319.091797
-986.083984, 217.285156, -730.712891
-160.400391, -35.888672, -939.697266
-538.330078, 22.460938, -1172.119141
-710.205078, 227.539062, -1551.513672
-1060.302734, -287.841797, -1197.021484
-1090.087891, -218.994141, -1013.427734
296.875000, 192.871094, 805.175781
270.019531, -487.060547, 992.187500
-260.498047, 85.937500, 300.781250
773.925781, -178.466797, 478.515625
471.191406, -243.896484, 557.617188
390.625000, -230.224609, 615.234375
11.230469, 255.859375, -157.470703
-1642.822266, -185.791016, -124.267578
-1321.533203, -346.923828, -671.142578
-1001.708984, -228.271484, -710.205078
-739.501953, -19.775391, -898.193359
-,-,-
83.984375, -108.154297, 890.625000
241.210938, -222.412109, 954.101562
223.144531, -309.326172, 909.179688
289.062500, -388.427734, 799.804688
167.480469, -291.259766, 1002.929688
104.492188, -182.373047, 812.500000
135.253906, -396.240234, 904.785156
110.839844, -344.482422, 813.476562
320.800781, -331.787109, 943.359375
350.097656, -326.904297, 897.949219
231.445312, -177.001953, 974.609375
-,-,-
739.257812, -491.943359, 938.476562
605.957031, -680.419922, 1030.761719
575.195312, -928.466797, 987.304688
492.187500, -896.728516, 697.265625
264.648438, -1334.228516, 330.566406
-84.228516, -846.435547, 156.738281
-161.865234, -656.982422, 42.968750
-111.083984, -813.720703, -165.283203
-378.662109, -704.833984, -204.833984
-394.775391, -641.357422, -282.958984
-140.869141, -798.583984, -84.716797
-30.517578, -842.529297, 77.148438
-196.044922, -726.318359, 288.574219
-153.564453, -639.892578, 400.390625
-73.974609, -50.537109, 831.542969
-412.353516, 192.871094, 1013.671875
-4.638672, 124.511719, 1424.316406
-,-,-
-89.111328, -373.779297, 957.031250
-85.205078, -330.810547, 914.062500
-28.076172, -360.107422, 956.054688
-45.654297, -344.482422, 856.445312
-25.634766, -347.412109, 893.554688
-7.568359, -418.212891, 860.351562
41.992188, -386.474609, 905.761719
68.847656, -360.107422, 951.171875
171.386719, -378.662109, 985.351562
481.933594, -433.837891, 1235.351562
736.328125, -302.490234, 1153.320312
779.296875, -361.572266, 1205.078125
303.222656, -385.986328, 1258.300781
-639.892578, 116.699219, 751.953125
-963.134766, 85.937500, 783.203125
-1369.384766, 157.714844, 1072.265625
-1999.755859, 610.351562, 534.179688
-1465.576172, -209.716797, 834.960938
-540.771484, -283.935547, 508.789062
460.449219, -358.642578, 607.910156
849.121094, -662.841797, 1029.785156
1266.601562, -690.185547, 1398.437500
1824.218750, -876.220703, 1424.804688
1236.816406, -960.693359, 1195.800781
-125.244141, -476.806641, 788.085938
-1192.138672, -92.529297, 444.824219
-1108.154297, 269.531250, 1080.078125
-1180.419922, 324.218750, 981.445312
-683.349609, -2.685547, 928.710938
-,-,-
210.937500, 67.382812, 1203.125000
2.929688, 437.011719, 1429.687500
-95.458984, 166.992188, 1381.835938
-288.818359, -217.041016, 1120.117188
-207.763672, -650.146484, 898.925781
-279.052734, -875.244141, 760.742188
-937.744141, -950.439453, 658.203125
-1238.525391, -843.505859, 671.386719
-411.376953, -716.064453, 528.320312
463.867188, -568.115234, 778.320312
854.980469, -337.158203, 831.054688
1010.253906, -576.416016, 916.992188
1490.722656, -960.693359, 843.750000
1225.097656, -1095.947266, 719.726562
-367.919922, 223.632812, 196.289062
-764.892578, 89.843750, 1236.328125
-1473.876953, 331.054688, 1214.843750
-628.662109, -432.861328, 1324.218750
-351.806641, -471.435547, 1079.101562
-253.662109, -142.822266, 940.429688
-,-,-
545.410156, -101.318359, 1316.894531
889.648438, -266.845703, 1488.281250
59.570312, -508.544922, 1294.921875
-523.681641, -523.681641, 1022.460938
-751.708984, -370.361328, 774.414062
-1021.240234, -253.662109, 607.421875
-1298.583984, -124.755859, 630.859375
-1750.732422, 70.312500, 847.656250
-676.513672, -417.236328, 643.066406
718.261719, -719.482422, 855.468750
1032.714844, -581.787109, 898.925781
997.558594, -863.037109, 797.851562
1045.898438, -1226.318359, 715.820312
677.734375, -1192.626953, 321.777344
-282.470703, -290.283203, 694.824219
-509.033203, 429.687500, 1147.460938
-751.708984, 63.964844, 1405.273438
-367.919922, -299.072266, 1411.132812
-,-,-
-251.220703, -360.595703, 896.484375
-298.583984, -132.568359, 897.949219
-232.177734, -1.708984, 1077.148438
-131.103516, -107.177734, 1162.109375
-115.966797, -463.623047, 1165.039062
-139.404297, -444.091797, 1151.367188
64.453125, -679.931641, 1481.933594
210.937500, -692.626953, 1787.109375
-62.255859, -370.849609, 1371.093750
-211.669922, -64.697266, 972.167969
-324.951172, 141.113281, 627.929688
-341.552734, 277.832031, 698.242188
-112.060547, 327.148438, 912.109375
-160.888672, 403.320312, 946.289062
-196.533203, 116.699219, 818.359375
-91.064453, -328.857422, 643.066406
-169.189453, -540.771484, 406.250000
-242.919922, -459.228516, 64.941406
-504.150391, -383.544922, -115.966797
-291.259766, -572.021484, 347.656250
-2.197266, -674.560547, 1005.859375
155.273438, -665.771484, 1376.953125
110.351562, -797.607422, 1409.179688
73.242188, -765.380859, 1454.101562
-125.244141, -527.099609, 1242.187500
-88.623047, -212.646484, 1066.894531
-,-,-
-229.736328, -477.294922, 843.750000
-202.392578, -641.845703, 843.750000
-192.138672, -709.716797, 836.425781
-206.787109, -585.693359, 957.031250
-204.345703, -448.974609, 1012.695312
-132.568359, -437.744141, 1235.351562
-75.927734, -330.810547, 1295.898438
40.527344, -396.728516, 1579.101562
-27.099609, -159.423828, 1494.140625
-86.669922, -13.427734, 1317.871094
-20.263672, 242.187500, 1084.960938
-384.033203, 330.078125, 798.828125
-456.787109, 348.632812, 624.023438
-439.208984, 343.750000, 389.648438
-510.498047, 185.546875, 196.289062
-423.095703, -88.623047, 144.531250
-263.916016, -443.115234, 223.144531
-196.533203, -644.287109, 215.820312
36.132812, -1004.638672, 584.960938
282.226562, -995.849609, 898.925781
129.394531, -843.505859, 1502.929688
-95.458984, -390.380859, 1475.585938
-139.404297, -54.443359, 1497.070312
-,-,-
-233.642578, -180.908203, 991.210938
-81.787109, -230.224609, 986.328125
389.160156, -381.103516, 1215.820312
1206.054688, -557.861328, 1165.039062
504.882812, -444.091797, 1042.968750
-440.185547, -277.587891, 878.906250
-1134.521484, -121.337891, 1102.539062
-1999.755859, 788.085938, 1056.152344
-987.060547, -8.544922, 779.785156
-361.083984, -53.466797, 759.765625
213.378906, -239.990234, 663.085938
490.722656, -395.263672, 706.542969
-,-,-
-209.228516, -86.669922, 863.769531
108.398438, -315.673828, 849.609375
-60.791016, -84.228516, 886.718750
-69.091797, -248.779297, 1044.921875
-24.658203, -256.103516, 1035.156250
-227.783203, -203.857422, 1008.300781
-245.849609, -257.080078, 1177.734375
-112.548828, -319.580078, 1104.492188
178.222656, -791.259766, 1124.511719
659.179688, -943.115234, 1000.488281
658.691406, -744.873047, 461.914062
679.199219, -453.369141, 321.777344
184.082031, -322.021484, 693.359375
-183.349609, 343.750000, 1058.105469
-536.865234, 267.578125, 1453.613281
-688.232422, -3.662109, 1521.484375
-391.357422, -85.693359, 1456.054688
-57.373047, -485.107422, 964.355469
-,-,-
61.035156, -443.115234, 1057.128906
121.093750, -633.544922, 1065.429688
263.671875, -513.427734, 979.492188
870.605469, -943.115234, 696.289062
877.929688, -1293.212891, 453.125000
1103.515625, -811.279297, 306.640625
-114.990234, -431.884766, 1030.761719
-331.787109, 58.105469, 652.343750
-511.474609, 504.882812, 946.289062
-1108.642578, 784.179688, 1649.902344
-1357.177734, 881.835938, 1359.375000
-1130.615234, 202.636719, 969.726562
-807.373047, -406.982422, 767.578125
-,-,-
-144.287109, -506.591797, 734.375000
-146.728516, -330.810547, 912.109375
708.984375, -720.458984, 879.882812
1113.281250, -739.990234, 915.039062
1112.304688, -776.611328, 1220.214844
498.535156, -76.416016, 1094.238281
-849.365234, 218.261719, 1486.816406
-1965.576172, 435.058594, 1898.925781
-1597.900391, -24.658203, 545.410156
-762.451172, -1066.650391, -37.841797
155.273438, -1709.228516, 118.164062
1185.546875, -1770.751953, 457.031250
1150.878906, -1224.365234, 664.062500
-,-,-
215.332031, 61.035156, 914.062500
582.031250, -89.599609, 880.859375
769.042969, -159.423828, 983.398438
752.441406, -513.916016, 945.312500
514.648438, -823.974609, 565.429688
333.496094, -1471.923828, 554.199219
-210.693359, -1267.333984, 457.031250
-651.611328, -1127.685547, 643.066406
-1276.123047, -465.576172, 1375.976562
-1299.072266, 273.925781, 1146.484375
-665.283203, 865.234375, 1323.730469
230.468750, 429.199219, 1274.414062
1052.734375, -488.037109, 792.968750
1735.351562, -1409.423828, -73.974609
1359.863281, -1205.322266, -110.107422
94.726562, -517.822266, 1035.644531
-,-,-
513.671875, -820.068359, 585.449219
381.835938, -556.884766, 219.726562
210.937500, -669.677734, 470.703125
555.664062, -665.771484, 626.953125
800.292969, -301.513672, 959.472656
709.960938, -212.158203, 1009.765625
435.546875, 289.062500, 1172.851562
-89.111328, 509.765625, 1181.640625
-690.185547, 152.832031, 1551.757812
-1329.345703, 300.292969, 1172.851562
-1127.197266, -254.638672, 508.789062
-634.521484, -682.373047, 392.578125
-,-,-
-94.482422, -631.591797, 768.066406
-119.384766, -669.677734, 766.601562
-439.208984, -549.072266, 635.253906
-637.939453, -143.310547, 339.843750
-1093.505859, 113.281250, 458.007812
-1283.447266, 472.656250, 676.269531
-981.689453, 478.027344, 846.679688
-495.361328, 329.101562, 1025.878906
-74.951172, 125.000000, 1296.875000
533.203125, -443.115234, 1557.617188
675.781250, -773.681641, 1586.914062
328.613281, -770.263672, 1236.328125
-309.814453, -593.017578, 627.929688
-918.701172, -472.412109, 396.484375
-1384.521484, -343.505859, 453.125000
-,-,-
-318.115234, -295.166016, 834.472656
-174.072266, -525.146484, 778.808594
-226.318359, -626.708984, 916.015625
17.089844, -402.099609, 987.304688
540.527344, -457.275391, 1561.523438
607.910156, -511.474609, 1665.039062
305.175781, -381.591797, 1191.894531
-553.466797, -297.119141, 576.171875
-1374.267578, -131.591797, -52.490234
-1640.380859, -185.302734, 147.460938
-1836.669922, -218.994141, 111.328125
-1380.126953, -126.708984, 337.890625
-688.232422, 225.585938, 773.437500
-220.947266, 382.324219, 951.171875
278.808594, -245.849609, 1456.542969
1093.750000, -597.900391, 1614.746094
1894.531250, -871.337891, 1582.031250
378.417969, -463.623047, 827.636719
-,-,-
-173.095703, -119.384766, 974.609375
105.957031, 108.398438, 1174.804688
873.046875, -317.626953, 1790.039062
-250.244141, -523.681641, 1700.195312
-1999.755859, -113.525391, 986.328125
-1999.755859, -31.005859, 534.179688
514.648438, 49.804688, -521.728516
1999.755859, 552.734375, -677.978516
-205.810547, -263.427734, 499.023438
-1999.755859, 338.378906, 1882.812500
-1539.306641, -1338.134766, 1986.328125
1999.755859, 306.640625, 326.660156
1999.755859, 1005.859375, -418.212891
-1999.755859, -953.369141, 638.183594
-1999.755859, 63.476562, 1999.755859
-266.357422, -794.189453, 1275.390625
1999.755859, 959.472656, 115.234375
1999.755859, 403.320312, 26.855469
-1999.755859, -713.134766, 480.957031
-1999.755859, 1.953125, 1817.382812
-1761.962891, -1154.541016, 1545.410156
1695.312500, 395.019531, -124.755859
1999.755859, 1240.234375, -321.533203
-1325.927734, -880.126953, 791.015625
-1999.755859, -524.169922, 1139.648438
-,-,-
1999.755859, 1066.406250, -440.185547
696.289062, 190.917969, 211.914062
-1999.755859, -1047.119141, 661.132812
-1999.755859, -1002.685547, 851.562500
-1999.755859, -1659.423828, 894.042969
1657.226562, 886.230469, -201.904297
1999.755859, 1909.667969, -135.986328
-1369.873047, -756.591797, 1292.480469
-1999.755859, -711.181641, 544.433594
-,-,-
-347.900391, -219.970703, 14.648438
-1999.755859, -676.025391, 487.792969
-1999.755859, -1460.693359, 1532.714844
-1999.755859, -1330.322266, 1239.257812
-322.509766, 29.296875, -171.142578
660.644531, 67.382812, -169.677734
883.300781, 381.835938, -320.068359
474.609375, 353.027344, -486.572266
-195.556641, 15.625000, -475.830078
-1277.099609, -483.154297, 200.683594
-,-,-
-813.720703, -106.201172, -264.892578
1999.755859, 1077.148438, -1123.291016
1044.433594, -310.791016, -174.560547
-1999.755859, 58.105469, -250.732422
-1999.755859, -850.830078, 897.949219
-1999.755859, -1773.193359, 1477.050781
-1999.755859, -945.556641, 252.441406
136.230469, 69.824219, -675.048828
1999.755859, 715.332031, -581.298828
-,-,-
-1155.029297, -747.802734, 1036.132812
-913.818359, -539.306641, 894.531250
-592.529297, -366.943359, 954.589844
-395.751953, -296.142578, 871.582031
-,-,-
308.593750, -448.974609, 878.906250
231.933594, -449.951172, 849.609375
464.355469, -422.607422, 901.855469
753.906250, -588.623047, 991.210938
907.714844, -484.130859, 918.945312
638.183594, -180.908203, 781.250000
543.457031, -254.638672, 1048.828125
-922.607422, 510.742188, 1117.187500
-1999.755859, 726.562500, 1541.503906
-1248.779297, -118.408203, 1040.039062
-375.732422, -431.884766, 429.687500
-,-,-
103.027344, -479.248047, 925.292969
165.527344, -574.462891, 982.421875
787.597656, -998.779297, 976.562500
897.949219, -641.357422, 633.789062
477.050781, -152.099609, 806.640625
-306.884766, 190.917969, 1351.074219
-1999.755859, 1066.894531, 1999.755859
-1958.740234, 840.332031, 1112.792969
-1179.443359, -388.427734, 405.273438
-283.447266, -1130.126953, -34.423828
786.132812, -1999.755859, 212.890625
1999.755859, -1999.755859, 11.718750
670.410156, -1168.212891, 564.453125
-,-,-
200.683594, -206.787109, 1084.960938
-261.474609, -551.513672, 1986.328125
-425.048828, -993.896484, 1999.755859
360.351562, -1280.029297, 829.589844
725.585938, -1064.208984, -437.255859
291.503906, -295.166016, -1641.357422
-221.923828, 129.882812, -1325.439453
-1661.865234, 377.441406, 448.730469
-1893.310547, -808.837891, 1999.755859
-1022.216797, -1640.380859, 1999.755859
222.656250, -1759.521484, 1999.755859
771.484375, -1311.767578, -359.619141
1000.976562, -234.619141, -1999.755859
-,-,-
-231.689453, -410.888672, 1769.042969
-541.259766, -648.193359, 1984.375000
236.328125, -1599.853516, 1057.128906
903.808594, -1769.775391, -419.189453
160.644531, -784.912109, -688.232422
-946.533203, 378.417969, -381.103516
-1999.755859, 1465.332031, 1716.308594
-1195.556641, 710.937500, 1999.755859
120.605469, -936.767578, 1999.755859
648.925781, -1557.373047, 793.457031
578.613281, -1710.205078, -85.693359
821.777344, -1408.447266, -163.330078
433.593750, -485.107422, 904.296875
170.898438, 1.464844, 1320.800781
-578.369141, 437.011719, 1933.105469
-971.435547, 830.078125, 1624.023438
-,-,-
181.640625, -768.310547, 485.351562
184.082031, -889.404297, 560.546875
98.144531, -705.810547, 900.878906
382.812500, -521.240234, 1045.898438
242.675781, -160.400391, 1160.156250
19.042969, 399.902344, 1515.625000
-122.802734, 875.488281, 1630.371094
-610.595703, 738.769531, 1260.742188
77.148438, -414.306641, 921.386719
-144.775391, -262.939453, 671.386719
-246.337891, -338.134766, 274.414062
-93.994141, -595.947266, 277.832031
258.789062, -934.814453, 375.976562
-,-,-
-79.833984, -4.638672, 1194.335938
-1.708984, -331.787109, 1255.371094
110.839844, -867.431641, 1681.640625
50.292969, -1471.923828, 1777.343750
-463.623047, -917.724609, 899.902344
-551.025391, -411.865234, 200.195312
-444.091797, 283.203125, -101.318359
-100.341797, 582.031250, 189.941406
-11.962891, 871.582031, 718.750000
-362.060547, 873.535156, 1124.511719
-337.646484, 507.812500, 1386.718750
-274.169922, 60.058594, 1186.523438
-249.267578, -276.123047, 1287.597656
-472.900391, -331.787109, 1013.671875
-407.958984, -554.931641, 1114.257812
-365.478516, -764.404297, 1087.890625
-457.763672, -1184.326172, 1041.015625
-398.193359, -1029.052734, 1008.789062
-625.244141, -702.880859, 688.476562
-,-,-
24.902344, 137.207031, 1200.683594
95.703125, 152.832031, 1323.730469
-599.365234, 437.988281, 1395.507812
-856.201172, 99.121094, 1249.023438
-514.404297, -773.681641, 882.812500
-0.732422, -1701.904297, 541.015625
229.003906, -1999.755859, 680.664062
-290.283203, -1274.169922, 497.070312
-728.759766, 40.527344, 626.953125
-570.068359, 960.937500, 937.500000
-332.275391, 1566.406250, 1161.621094
-158.935547, 1546.386719, 1478.027344
-266.357422, 912.597656, 1379.882812
-494.873047, 326.660156, 1016.601562
-298.095703, -688.232422, 647.949219
-,-,-
-16.357422, -1842.529297, 807.128906
-184.326172, -1546.142578, 816.406250
-639.404297, -601.318359, 740.722656
-,-,-
-15.869141, 554.199219, 1044.921875
-328.369141, 817.382812, 975.585938
-539.794922, 705.078125, 1134.277344
-631.103516, 212.890625, 960.449219
-588.623047, -443.603516, 901.855469
-289.794922, -1499.755859, 800.781250
221.679688, -1999.755859, 942.382812
-66.162109, -1352.783203, 730.468750
-440.673828, -677.001953, 733.398438
-432.373047, -73.974609, 840.820312
-525.634766, 302.734375, 1002.441406
-413.330078, 688.476562, 1142.578125
74.218750, 1054.199219, 1274.414062
-82.275391, 928.222656, 1279.296875
-363.525391, 468.750000, 1067.382812
-404.052734, 63.964844, 755.859375
-,-,-
192.382812, -161.865234, 755.859375
1999.755859, -371.337891, 1502.441406
1999.755859, -368.896484, 1446.777344
1170.410156, -327.880859, 1168.945312
-243.408203, -173.583984, 721.679688
-1999.755859, 273.437500, 530.273438
-1999.755859, 166.015625, 1056.640625
-1999.755859, 194.335938, 1011.718750
-672.607422, 205.078125, 309.570312
756.347656, -0.732422, 415.527344
1999.755859, -116.455078, 1144.531250
1999.755859, -643.310547, 1999.755859
1565.429688, -454.345703, 1725.585938
-630.126953, -99.365234, 1004.882812
-,-,-
-1999.755859, 279.296875, 980.468750
-1386.962891, 280.761719, 576.660156
165.527344, 5.859375, 662.109375
1625.976562, -160.400391, 1139.648438
1999.755859, -635.009766, 1850.585938
1705.566406, -489.501953, 1401.367188
289.062500, -57.861328, 685.546875
-1060.791016, -291.748047, 886.718750
-1999.755859, 811.035156, 609.863281
-1999.755859, 178.222656, 1305.175781
-1207.763672, 216.308594, 766.113281
33.203125, -54.443359, 483.886719
730.957031, -177.001953, 542.480469
-,-,-
83.496094, -151.611328, 954.589844
480.468750, -751.220703, 1117.187500
1160.644531, -1593.505859, 1400.390625
672.851562, -1478.271484, 1123.046875
-40.771484, -969.970703, 806.640625
-619.873047, 7.324219, 521.484375
-1650.634766, 1457.519531, 662.109375
-1999.755859, 1718.750000, 1236.328125
-1448.486328, 1292.480469, 1201.171875
-936.767578, 760.742188, 627.929688
-51.513672, -168.701172, 608.886719
-,-,-
-87.646484, -143.310547, 876.953125
-91.064453, -358.154297, 951.171875
-232.666016, -572.021484, 750.976562
-377.685547, -826.904297, 776.855469
-572.509766, -768.310547, 585.937500
-690.185547, -622.314453, 625.000000
-636.474609, -150.146484, 830.078125
-408.447266, 301.269531, 1092.285156
-133.544922, 611.816406, 1453.613281
-317.626953, 898.437500, 1386.230469
-257.568359, 739.746094, 1340.820312
-390.869141, 401.367188, 1146.484375
-282.958984, 24.414062, 966.796875
-219.482422, -264.404297, 858.398438
21.484375, -736.083984, 988.281250
91.796875, -947.998047, 983.398438
-11.962891, -1295.654297, 1199.218750
-101.806641, -977.294922, 1297.851562
-266.845703, -793.212891, 1157.226562
-507.080078, -699.951172, 734.375000
-408.935547, -660.888672, 403.320312
-779.052734, -299.072266, 325.195312
-932.373047, 354.003906, 471.679688
-1010.009766, 636.230469, 778.808594
-877.197266, 890.625000, 992.187500
-627.685547, 902.343750, 1137.695312
-427.001953, 545.898438, 1380.371094
-341.064453, 410.156250, 1228.515625
-253.173828, 83.984375, 1228.515625
-59.326172, -128.662109, 1161.132812
128.906250, -425.537109, 1430.664062
-11.962891, -814.697266, 1288.574219
-83.740234, -1093.505859, 1003.906250
-,-,-
-952.392578, 697.753906, 1124.511719
-19.775391, 351.562500, 1596.679688
895.019531, -948.486328, 1945.800781
967.285156, -458.251953, 1643.066406
667.480469, -595.947266, 1368.164062
135.253906, -843.505859, 1075.195312
-549.072266, -915.283203, 410.156250
-1116.455078, -912.353516, 404.296875
-1649.169922, -317.626953, -24.169922
-1399.658203, -202.880859, 452.636719
-1227.783203, 393.066406, 411.132812
-915.771484, 731.445312, 1041.015625
-499.267578, 753.417969, 1291.015625
-49.072266, 325.195312, 1543.457031
318.359375, -170.654297, 1873.046875
432.617188, -450.439453, 1511.230469
-,-,-
229.003906, -83.740234, 1219.726562
86.914062, -256.591797, 1318.847656
44.921875, -512.451172, 1188.476562
-46.630859, -760.498047, 1041.015625
-425.048828, -1001.708984, 862.792969
-354.248047, -1094.970703, 565.429688
-1287.841797, -588.623047, 103.515625
-1351.318359, 70.800781, -77.880859
-1459.716797, 551.269531, 382.324219
-947.021484, 1121.093750, 1005.859375
-574.951172, 975.097656, 1297.851562
212.402344, 226.562500, 1906.738281
428.222656, -396.728516, 1940.429688
871.093750, -796.630859, 1498.046875
818.359375, -1048.583984, 1308.593750
75.195312, -1602.294922, 912.109375
-360.595703, -1341.064453, 308.593750
-1629.150391, -646.240234, -0.244141
-1864.013672, -156.494141, 45.898438
-1572.998047, 471.679688, 274.414062
-1207.763672, 1223.632812, 849.609375
-530.517578, 970.214844, 1618.164062
29.785156, 193.847656, 1919.921875
468.750000, -386.474609, 1974.609375
654.785156, -755.126953, 1554.687500
594.726562, -1276.123047, 1149.414062
-206.298828, -1588.134766, 614.257812
-985.107422, -1184.814453, 162.597656
-1687.744141, -278.564453, -275.146484
-1775.634766, 127.929688, -209.716797
-1197.509766, 715.332031, 692.382812
-535.888672, 1122.070312, 1181.640625
-46.142578, 653.808594, 1883.789062
510.253906, -54.443359, 1999.755859
437.500000, -371.826172, 1723.632812
269.531250, -814.697266, 1370.117188
-,-,-
-1.708984, -242.919922, 889.648438
-9.033203, -209.716797, 965.332031
63.964844, -174.560547, 918.945312
-35.400391, -189.208984, 855.468750
58.105469, -180.419922, 1059.570312
74.707031, -88.623047, 866.699219
83.984375, -129.638672, 1012.695312
158.203125, -76.416016, 1299.804688
217.773438, -110.107422, 1766.601562
385.742188, -5.126953, 1736.328125
-317.626953, -280.517578, 1896.484375
-339.111328, -68.115234, 312.011719
-527.099609, -657.470703, 109.375000
407.714844, -340.087891, 6.835938
47.363281, -564.208984, -56.396484
21.484375, -572.998047, -257.568359
-225.830078, -673.095703, -301.513672
-354.248047, -791.748047, -397.216797
-363.525391, -730.224609, -690.185547
-324.462891, -305.908203, -358.642578
-424.072266, -451.904297, 1095.214844
59.082031, -521.240234, 1410.156250
51.757812, -358.642578, 1055.664062
207.519531, -214.599609, 1267.578125
-48.095703, -133.544922, 1045.898438
-170.654297, -63.720703, 987.304688
-419.677734, 289.062500, 537.109375
-20.263672, 868.164062, 1142.578125
-225.341797, 796.386719, 1560.546875
-282.470703, 615.722656, 1233.398438
-231.689453, 698.730469, 503.906250
-53.466797, 826.171875, 510.742188
-185.302734, 584.960938, 982.421875
-450.927734, 639.648438, 1339.843750
118.652344, 1242.187500, 1999.755859
-343.017578, 1999.755859, 1052.734375
-183.349609, 1931.640625, -370.849609
-838.623047, 97.167969, -260.009766
-481.689453, -341.552734, 291.015625
-,-,-
-325.439453, -436.279297, 1040.039062
-91.064453, -218.994141, 716.796875
-194.580078, -305.419922, 1040.039062
-188.232422, -262.451172, 968.750000
-318.603516, -365.966797, 1198.242188
-41.259766, -195.068359, 1007.812500
-227.294922, -391.357422, 1227.539062
-57.373047, -253.662109, 1035.644531
-58.837891, -286.865234, 1021.972656
-152.099609, -455.322266, 1278.320312
-129.150391, -284.912109, 948.242188
-1288.818359, -471.923828, 758.789062
-1999.755859, -351.318359, -384.033203
-808.837891, 294.433594, -305.419922
548.828125, 842.773438, 362.304688
1272.949219, 1120.117188, 1073.242188
1999.755859, 1835.937500, 860.839844
1999.755859, 1999.755859, 1410.156250
1735.351562, 1999.755859, 433.593750
-1400.146484, 1303.222656, 81.054688
-1708.740234, -389.404297, 312.988281
-1693.603516, -7.568359, -856.201172
-1251.708984, 64.453125, -606.201172
-1089.599609, -310.302734, -368.896484
-946.044922, -548.095703, 270.507812
-537.353516, -558.837891, 404.296875
-626.220703, -835.693359, 885.742188
-429.443359, -656.494141, 759.765625
-620.849609, -746.826172, 693.359375
-606.201172, -685.302734, 663.085938
-372.802734, -459.228516, 430.664062
-626.220703, -669.677734, 694.335938
-524.658203, -537.353516, 504.882812
-698.486328, -439.697266, 234.375000
-1203.857422, 174.804688, -1057.861328
-882.080078, 739.257812, -297.607422
-553.466797, 1208.007812, 447.753906
-1402.099609, 76.660156, 1804.199219
-1131.591797, 334.472656, 1574.707031
-1238.037109, 399.902344, 1738.769531
-1914.794922, 519.042969, 784.179688
-1999.755859, 408.203125, 831.542969
-1999.755859, 302.734375, -112.060547
-1472.412109, 450.195312, -192.138672
-304.931641, 530.761719, -315.185547
247.070312, 417.480469, -131.103516
703.613281, 322.265625, -123.779297
-,-,-
228.027344, -447.021484, 976.562500
727.539062, -891.845703, 858.398438
914.550781, -1009.033203, 330.078125
436.035156, -1227.783203, 103.515625
322.753906, -709.716797, -319.580078
-713.623047, -383.544922, 1094.238281
-1928.955078, -162.841797, 1999.755859
-1551.025391, -126.708984, 1890.625000
-176.513672, -677.978516, 1177.734375
1255.859375, -1243.896484, 464.843750
1999.755859, -1365.966797, -215.576172
1971.679688, -1584.716797, -116.943359
578.125000, -953.369141, 368.164062
-715.087891, -478.271484, 524.414062
-,-,-
1250.000000, -768.310547, 439.453125
1054.199219, -576.416016, 360.351562
535.644531, -760.498047, 378.906250
168.945312, -921.630859, 570.312500
-555.908203, -686.767578, 1203.125000
-1630.126953, -177.978516, 1728.515625
-1203.369141, 79.589844, 1160.156250
-314.697266, -16.357422, 1164.062500
564.453125, -129.638672, 983.398438
-,-,-
-165.771484, -207.763672, 1066.894531
457.519531, -286.865234, 826.171875
1927.246094, -851.806641, 327.148438
1340.820312, -771.240234, 716.796875
332.031250, -892.822266, 677.246094
-1629.150391, -699.462891, 1436.523438
-1934.814453, -427.978516, 906.250000
-1034.912109, -232.177734, 1106.445312
403.808594, -787.353516, 1058.105469
1338.867188, -1162.841797, -451.416016
1618.652344, -1530.029297, -124.755859
415.039062, -793.212891, 329.101562
-1116.455078, -477.783203, 1774.902344
-1698.974609, -447.021484, 1999.755859
-810.791016, -232.177734, 998.535156
74.218750, -935.791016, 479.980469
408.691406, -1456.787109, -127.197266
-,-,-
173.339844, -392.822266, 678.222656
598.632812, -383.544922, 885.742188
684.082031, -439.697266, 654.296875
315.917969, -452.880859, 531.250000
597.167969, -981.201172, 237.304688
723.632812, -1000.732422, 57.128906
480.957031, -1156.982422, 520.996094
-303.955078, -703.857422, 834.472656
-1381.591797, -49.560547, 1204.101562
-1459.716797, 628.906250, 1365.234375
-307.373047, 43.457031, 1466.796875
723.632812, -402.587891, 1125.488281
1164.550781, -1007.080078, 786.132812
914.062500, -1484.130859, 622.070312
-,-,-
-296.630859, 24.414062, 877.441406
-969.482422, -135.498047, 668.945312
-602.294922, -482.177734, 383.300781
-281.494141, -533.935547, 91.796875
497.558594, -818.603516, -46.630859
1361.816406, -1264.404297, -93.017578
-,-,-
-931.884766, -133.544922, 1563.476562
-563.720703, 115.722656, 1105.468750
-52.001953, -278.564453, 1400.390625
364.746094, -537.353516, 982.421875
1092.285156, -811.767578, 608.886719
1150.878906, -797.119141, 755.859375
732.421875, -869.384766, 771.972656
-77.392578, -898.681641, 831.542969
-,-,-
-610.107422, 5.859375, 312.500000
-1320.068359, 235.839844, 626.953125
-803.466797, -264.404297, 1117.187500
-65.185547, -464.599609, 1216.308594
1274.414062, -792.236328, 1059.082031
1199.707031, -869.873047, 655.273438
1434.570312, -1471.435547, -176.513672
623.046875, -1170.654297, 205.078125
-33.935547, -1091.064453, 482.910156
826.171875, -1123.779297, 1371.093750
-488.037109, -318.603516, 1968.750000
-,-,-
-31.494141, -617.431641, -331.787109
1077.148438, -1080.810547, -82.763672
935.058594, -1048.583984, 242.187500
-204.833984, -344.970703, 611.816406
-1024.169922, -218.994141, 1330.078125
-978.271484, 48.828125, 1840.332031
-357.666016, -379.150391, 1902.343750
258.789062, -1061.767578, 1550.781250
1312.988281, -1378.662109, 777.832031
1699.707031, -1649.658203, 269.531250
113.769531, -948.486328, 72.265625
-817.626953, -770.751953, 564.453125
-1999.755859, -19.775391, 1109.375000
-1999.755859, 304.687500, 406.250000
-720.947266, -20.751953, 267.578125
947.753906, -815.673828, 599.609375
1916.015625, -1348.388672, 482.910156
1097.167969, -888.427734, 1020.507812
-,-,-
360.351562, -455.322266, 671.875000
285.644531, -484.130859, 738.769531
393.554688, -579.345703, 836.425781
285.644531, -638.916016, 734.375000
624.023438, -931.884766, 945.312500
582.031250, -1121.826172, 938.476562
615.722656, -1132.080078, 769.531250
351.074219, -885.009766, 788.085938
75.195312, -497.802734, 594.726562
-534.912109, -361.083984, 326.171875
-913.330078, -344.482422, 491.699219
-992.919922, 204.101562, 1371.093750
-956.787109, 254.882812, 1251.953125
304.199219, -363.037109, 1185.546875
881.347656, -1162.841797, 831.054688
1385.742188, -1978.271484, 266.113281
1058.593750, -1732.177734, -355.712891
-,-,-
724.609375, -875.244141, 765.625000
812.011719, -1036.865234, 385.253906
365.234375, -1043.701172, 428.710938
370.605469, -1340.576172, -285.888672
406.738281, -1627.197266, -271.240234
-72.509766, -1322.509766, -555.419922
-482.177734, -1005.615234, -390.869141
-1127.197266, -392.333984, 741.699219
-1319.580078, 27.343750, 1754.882812
-144.775391, -30.029297, 1999.755859
661.132812, -738.525391, 1745.605469
1549.804688, -1716.552734, 375.976562
1412.109375, -1999.755859, -392.333984
118.164062, -1588.134766, -221.923828
-,-,-
5.371094, -503.662109, 798.828125
0.000000, -411.376953, 882.812500
-75.439453, -350.830078, 866.210938
-36.865234, -342.529297, 875.000000
-1.220703, -239.990234, 894.531250
250.000000, -308.349609, 988.281250
301.757812, -424.560547, 1108.398438
195.800781, -621.337891, 996.582031
-91.552734, -953.369141, 774.414062
-520.751953, -798.583984, 728.515625
-901.611328, -590.087891, 442.871094
-806.396484, -133.544922, 626.953125
-759.033203, -67.138672, 615.234375
-670.654297, -13.427734, 820.312500
-468.994141, -49.560547, 1079.101562
-308.349609, 6.835938, 1293.945312
-193.115234, 144.531250, 1282.226562
-193.115234, 172.851562, 1241.210938
-362.060547, 190.429688, 993.652344
-710.693359, 263.671875, 729.492188
-1081.787109, 324.218750, 703.125000
-1464.599609, 376.464844, 453.613281
-1271.728516, -101.806641, 458.007812
-,-,-
305.175781, -182.373047, 1268.554688
202.636719, -376.220703, 1074.218750
-57.861328, -409.423828, 767.089844
-382.080078, -625.732422, 524.414062
-586.669922, -663.818359, 553.710938
-1145.263672, -391.357422, 322.753906
-1319.580078, -227.294922, 334.960938
-1345.947266, -175.048828, 346.191406
-942.626953, -128.662109, 627.929688
-256.103516, -228.271484, 981.445312
231.445312, -289.794922, 1490.234375
710.937500, -510.498047, 1729.492188
511.230469, -212.646484, 1528.320312
136.230469, -288.818359, 1263.671875
-57.373047, 18.066406, 1268.554688
-619.873047, 277.832031, 991.210938
-646.240234, 314.941406, 966.308594
-997.314453, 506.835938, 507.812500
-1091.552734, 274.902344, 310.546875
-1076.904297, 36.621094, 267.578125
-1062.744141, -179.931641, 392.578125
-674.072266, -467.529297, 726.562500
-,-,-
-266.845703, -665.771484, 753.906250
-352.294922, -572.509766, 715.820312
-384.521484, -603.271484, 730.468750
-395.263672, -708.740234, 787.109375
-419.677734, -740.478516, 772.949219
-406.982422, -733.154297, 756.835938
-432.861328, -713.134766, 674.316406
-476.318359, -700.927734, 771.972656
-374.267578, -584.716797, 760.742188
-424.560547, -406.982422, 851.562500
-493.896484, -108.154297, 816.406250
-437.255859, 43.945312, 884.765625
-,-,-
-386.962891, -921.630859, 663.085938
-425.537109, -1040.771484, 669.921875
-477.783203, -1169.677734, 558.593750
-359.619141, -1071.044922, 609.375000
-311.767578, -1052.001953, 742.675781
-275.146484, -852.783203, 779.296875
-296.630859, -643.310547, 845.703125
-395.263672, -448.974609, 823.242188
-350.341797, -364.990234, 856.445312
-508.056641, -34.912109, 788.085938
-482.666016, 45.898438, 858.398438
-424.560547, 105.468750, 1086.425781
-515.869141, 240.234375, 1063.476562
-443.603516, 321.289062, 1181.640625
-452.392578, 407.226562, 1187.500000
-,-,-
-359.619141, -906.005859, 835.449219
-475.830078, -849.365234, 787.109375
-352.783203, -1059.326172, 794.921875
-252.197266, -1109.619141, 760.742188
-159.423828, -1025.146484, 708.496094
-137.939453, -879.638672, 705.078125
-135.986328, -772.216797, 771.972656
-283.935547, -570.556641, 754.882812
-241.943359, -453.369141, 830.078125
-421.630859, -349.365234, 888.671875
-493.896484, -192.138672, 935.546875
-332.763672, -246.826172, 1090.332031
-367.919922, 60.058594, 1015.625000
-259.521484, 129.882812, 1071.289062
-114.501953, 243.164062, 1130.859375
-,-,-
-241.943359, -742.919922, 838.378906
-298.095703, -843.505859, 810.546875
-186.767578, -877.197266, 852.539062
-183.837891, -886.474609, 870.117188
-132.080078, -855.712891, 849.609375
-226.318359, -703.857422, 805.175781
-215.087891, -635.498047, 848.632812
-206.787109, -517.822266, 847.656250
-282.958984, -388.427734, 828.125000
-280.517578, -359.130859, 871.093750
-194.091797, -320.068359, 1018.554688
-301.513672, -123.779297, 886.718750
-396.240234, 20.996094, 870.605469
-,-,-
392.089844, -554.443359, 873.046875
491.210938, -574.462891, 745.117188
552.734375, -709.716797, 639.648438
582.519531, -1078.857422, 286.621094
805.175781, -1593.017578, 204.101562
107.421875, -1012.939453, 333.007812
-438.720703, -676.513672, 658.203125
-447.998047, -396.728516, 721.679688
-321.533203, -85.693359, 1069.335938
-512.939453, 224.609375, 1165.039062
-375.732422, 359.863281, 1365.234375
-523.193359, 500.000000, 1673.339844
-231.201172, 271.484375, 1475.097656
-61.767578, 71.289062, 1141.601562
22.949219, -330.810547, 980.468750
53.710938, -523.193359, 700.195312
278.320312, -826.904297, 538.085938
369.628906, -1000.732422, 483.886719
-,-,-
-71.533203, -98.388672, 994.628906
-109.130859, -62.255859, 978.515625
-42.236328, -139.892578, 880.859375
-48.095703, -212.646484, 1029.785156
-109.619141, -327.880859, 985.351562
-160.888672, -433.837891, 1009.765625
-160.888672, -445.068359, 1027.343750
-149.658203, -445.068359, 951.171875
-114.501953, -309.326172, 967.285156
-95.458984, -143.310547, 965.332031
-42.236328, -182.373047, 941.406250
-61.279297, -171.630859, 974.609375
-107.177734, -193.115234, 936.523438
-138.427734, -95.458984, 1054.687500
-140.380859, 80.566406, 1005.859375
-159.912109, -65.185547, 985.351562
-115.478516, -31.982422, 932.128906
-17.333984, -7.568359, 933.105469
-127.685547, 11.718750, 966.796875
-140.380859, 17.578125, 916.015625
-55.419922, 5.859375, 864.746094
-151.123047, 185.546875, 985.351562
-195.068359, 313.476562, 1054.687500
-162.353516, 268.554688, 1003.906250
-,-,-
-294.677734, -449.951172, 992.187500
-334.228516, -822.998047, 952.148438
-330.322266, -740.966797, 1068.359375
-214.599609, -924.560547, 923.828125
-174.072266, -786.865234, 988.281250
-217.529297, -633.544922, 834.472656
-154.052734, -503.662109, 874.023438
-147.216797, -445.068359, 826.171875
-217.041016, -307.373047, 978.515625
-246.337891, -244.873047, 986.328125
-195.556641, 84.960938, 897.949219
-310.302734, 216.796875, 976.562500
-262.939453, 247.070312, 1041.992188
17.089844, 115.234375, 1090.332031
114.257812, 115.722656, 1081.054688
-,-,-
-31.494141, -27.099609, 986.328125
-139.892578, 60.058594, 1068.359375
-146.240234, 41.992188, 1089.355469
-155.517578, -30.029297, 1032.714844
-91.064453, 12.695312, 1035.644531
-121.337891, 12.695312, 1080.078125
-133.544922, -15.380859, 955.078125
-98.388672, -88.623047, 1035.156250
-125.244141, -68.115234, 947.265625
-133.056641, -150.634766, 985.351562
-140.380859, -153.076172, 998.535156
-165.283203, -234.130859, 994.140625
-145.751953, -260.498047, 994.140625
-118.408203, -301.513672, 961.914062
-176.025391, -364.013672, 910.156250
-125.244141, -432.373047, 945.312500
-88.623047, -498.291016, 852.539062
-,-,-
-366.943359, -290.771484, 558.593750
-141.845703, -699.462891, 1668.457031
-55.419922, -467.529297, 1999.755859
-270.263672, -382.568359, 1460.937500
-,-,-
-859.130859, 447.265625, -651.123047
-239.501953, -366.943359, 795.410156
-146.240234, 58.105469, 1999.755859
21.972656, 237.304688, 1999.755859
29.785156, -400.634766, 1999.755859
-373.291016, -9.521484, 1359.375000
-286.376953, 145.507812, 674.316406
-,-,-
-386.474609, -485.107422, 644.042969
-199.951172, -655.517578, 1690.429688
-638.916016, 744.140625, 1999.755859
-116.943359, -174.560547, 1999.755859
-104.248047, -421.142578, 1274.414062
-240.966797, -134.521484, 1084.960938
-,-,-
-242.919922, -119.873047, 878.906250
-260.498047, -192.138672, 992.187500
-238.037109, -166.748047, 965.332031
-328.369141, -87.646484, 849.609375
-252.685547, -157.470703, 894.531250
-295.654297, -101.806641, 823.242188
-319.091797, -49.560547, 794.921875
-588.623047, -78.369141, 810.546875
-678.466797, -108.154297, 773.925781
-1377.685547, 100.097656, -181.396484
-1175.537109, -42.236328, -393.310547
-1018.310547, -165.771484, 133.789062
-811.767578, 37.597656, -470.458984
-870.849609, 24.414062, -601.318359
-1098.388672, 19.042969, -165.283203
-1361.572266, -427.490234, 376.953125
-1747.802734, -243.896484, 49.804688
-1206.298828, 199.707031, 96.679688
202.636719, -463.623047, 579.589844
29.785156, -43.701172, 540.527344
124.511719, -142.333984, 671.386719
246.582031, -252.685547, 836.425781
390.136719, -270.263672, 979.492188
234.863281, -315.673828, 1005.859375
382.324219, -235.595703, 969.726562
291.015625, -207.763672, 926.269531
128.906250, -211.669922, 1102.050781
216.796875, -212.646484, 852.539062
37.109375, -247.802734, 1170.898438
-7.080078, -138.427734, 943.359375
-62.744141, -205.810547, 1133.300781
-26.611328, -174.560547, 975.585938
-155.517578, 47.363281, 909.179688
-59.814453, -144.287109, 909.179688
-98.876953, -99.853516, 890.625000
-201.904297, -105.224609, 967.285156
-161.376953, -80.322266, 996.582031
-289.794922, -199.462891, 1047.851562
-,-,-
-77.880859, -178.955078, 1133.789062
-416.748047, -41.259766, 764.648438
-1138.427734, 20.019531, 45.898438
-1793.212891, -128.662109, 101.074219
-563.232422, -273.681641, -526.123047
-910.400391, 192.871094, -90.576172
-767.333984, 108.398438, -1607.666016
-1065.185547, -83.740234, -357.666016
-1868.408203, -615.478516, 213.378906
-1999.755859, -155.029297, 112.304688
-109.130859, -166.259766, 612.792969
-407.470703, -7.568359, 476.562500
104.980469, 67.382812, 339.843750
-,-,-
-415.771484, -67.138672, 704.589844
-1390.869141, 39.550781, 470.703125
-1272.705078, -125.732422, -247.802734
-1122.802734, -472.900391, -479.248047
-1086.669922, -215.576172, -234.130859
-234.619141, -149.169922, -473.388672
-519.775391, -55.419922, -1221.923828
-968.505859, -243.896484, -185.302734
-1803.955078, -526.123047, 25.878906
-1999.755859, -333.251953, -18.310547
-742.431641, 41.503906, -64.697266
213.378906, -525.146484, 589.843750
-,-,-
-217.529297, -458.251953, 844.726562
-160.400391, -408.935547, 708.496094
-295.166016, -508.544922, 836.425781
-181.396484, -443.115234, 736.816406
-332.763672, -489.990234, 833.984375
-323.974609, -512.451172, 812.500000
-412.353516, -490.966797, 773.437500
-266.357422, -481.201172, 896.972656
-641.357422, -996.337891, 1556.640625
-630.615234, -1428.955078, 1999.755859
-892.333984, -1592.529297, 1990.722656
-1039.794922, -1062.255859, 612.792969
-223.388672, -396.728516, 38.085938
33.691406, -58.349609, -407.958984
-144.775391, -92.529297, -116.943359
131.347656, 63.476562, -195.556641
-56.396484, -35.888672, -206.787109
201.660156, 116.699219, -275.146484
-,-,-
-557.373047, -841.552734, 818.359375
-139.404297, -882.568359, 681.152344
-1535.400391, -1808.349609, 1539.062500
-1255.615234, -1704.345703, 946.289062
-1582.763672, -1548.095703, 690.429688
-758.544922, -600.830078, -203.369141
-99.853516, 42.968750, -217.529297
-409.423828, 32.226562, -22.705078
-62.255859, -1.708984, -686.279297
-60.791016, -112.060547, -167.724609
-29.541016, -241.943359, -283.447266
-115.966797, -263.427734, -228.759766
-,-,-
-97.412109, -560.302734, 955.078125
-594.482422, -1213.623047, 1859.863281
-1933.837891, -1833.740234, 1924.316406
-1666.259766, -1315.673828, 784.179688
-1181.884766, -316.650391, 485.839844
-211.181641, 499.511719, -585.205078
-38.330078, 473.632812, -127.197266
141.113281, 308.593750, -212.646484
58.593750, -114.990234, -177.490234
-93.505859, -388.427734, -171.630859
-,-,-
-305.908203, -1010.009766, 82.031250
-393.798828, -1059.326172, 279.296875
-110.595703, -872.314453, 191.894531
-274.658203, -856.689453, 338.867188
-334.716797, -472.900391, 163.574219
-7.080078, 721.191406, -1079.833984
570.312500, 1409.667969, -1878.173828
-678.466797, 378.906250, 261.230469
-1332.763672, -1382.568359, 1874.023438
-947.021484, -1897.216797, 1999.755859
-720.947266, -1638.916016, 1792.968750
-691.650391, -1373.779297, 1020.507812
-,-,-
53.222656, -127.197266, -299.072266
8.789062, -29.052734, -390.869141
-189.208984, 64.941406, -512.451172
-652.099609, -58.837891, -168.701172
-1076.904297, -695.556641, 224.121094
-787.841797, -1060.302734, 838.867188
-350.830078, -1510.009766, 1072.265625
-694.091797, -1375.244141, 770.019531
-40.283203, -1641.357422, 815.429688
-778.076172, -1534.912109, 875.976562
-438.232422, -1231.689453, 536.132812
-,-,-
-174.072266, -85.693359, -570.556641
141.601562, 525.390625, -951.904297
-7.568359, 327.148438, -699.462891
-1019.775391, -939.697266, 657.226562
-1266.845703, -1916.748047, 1040.039062
-1002.197266, -1927.490234, 843.750000
-558.349609, -1662.841797, 343.750000
-455.322266, -1290.283203, 303.710938
-474.365234, -1117.431641, 72.265625
-427.001953, -1057.373047, 118.652344
-693.603516, -1432.373047, 790.039062
-534.423828, -1634.521484, 669.921875
-,-,-
-56.396484, 120.605469, -467.529297
97.167969, 275.878906, -831.787109
-253.173828, 59.570312, -431.396484
-723.388672, -629.150391, -12.451172
-1051.025391, -1314.208984, 603.515625
-766.845703, -1606.689453, 519.531250
-680.908203, -1532.470703, 424.316406
-406.982422, -1199.951172, 843.261719
-452.392578, -1065.185547, 198.242188
-580.810547, -1026.123047, 472.656250
-,-,-
-275.634766, -278.564453, 999.511719
-358.642578, -235.595703, 978.515625
-334.228516, -323.974609, 1177.734375
-241.943359, -268.310547, 872.070312
-110.107422, -335.693359, 993.164062
-176.025391, -340.576172, 924.804688
-10.986328, -512.451172, 1034.179688
109.863281, -704.833984, 879.882812
601.562500, -1213.134766, 1239.257812
879.882812, -1424.560547, 1268.554688
527.832031, -1238.037109, 1124.511719
-684.326172, -291.748047, 500.000000
-836.669922, 169.921875, 458.007812
-919.189453, 352.539062, 775.390625
-961.669922, 524.414062, 756.835938
-866.943359, 481.445312, 797.851562
-841.552734, 766.601562, 573.242188
-750.732422, 535.644531, 532.226562
-676.513672, 284.179688, 525.390625
-522.216797, -139.892578, 662.109375
-284.912109, -613.037109, 798.339844
-,-,-
-316.162109, -405.029297, 830.078125
-373.291016, -389.404297, 810.546875
-342.529297, -440.673828, 852.539062
-318.603516, -466.552734, 909.179688
-289.794922, -483.154297, 894.531250
-231.689453, -509.521484, 950.195312
-259.521484, -540.771484, 968.261719
-307.861328, -552.978516, 940.429688
-313.232422, -491.943359, 870.605469
-412.353516, -527.099609, 843.750000
-352.783203, -445.068359, 782.226562
-472.412109, -439.697266, 790.039062
-482.666016, -422.607422, 700.195312
-475.341797, -412.841797, 733.398438
-632.080078, -341.064453, 659.179688
-596.923828, -350.341797, 655.273438
-580.810547, -401.123047, 660.156250
-664.306641, -356.689453, 605.957031
-576.904297, -375.244141, 617.187500
-564.697266, -450.927734, 616.210938
-568.603516, -419.677734, 615.722656
-528.076172, -466.552734, 664.062500
-532.958984, -497.314453, 645.507812
-544.677734, -513.427734, 627.929688
-555.908203, -559.326172, 658.203125
-572.021484, -546.630859, 597.656250
-602.294922, -535.888672, 601.562500
-621.337891, -483.154297, 585.937500
-583.251953, -419.677734, 609.863281
-578.369141, -387.451172, 664.062500
-510.498047, -391.357422, 716.796875
-448.974609, -380.615234, 779.296875
-396.728516, -388.427734, 817.382812
-440.673828, -369.873047, 840.820312
-342.041016, -406.005859, 847.656250
-383.056641, -397.705078, 900.878906
-406.494141, -360.107422, 817.382812
-449.951172, -368.896484, 801.757812
-499.755859, -370.849609, 798.828125
-524.658203, -372.802734, 797.851562
-533.447266, -379.150391, 821.289062
-515.869141, -390.380859, 814.453125
-,-,-
-156.005859, -693.115234, 890.625000
-24.658203, -749.755859, 1004.882812
-36.865234, -822.021484, 1057.617188
-115.478516, -914.306641, 958.984375
-149.658203, -947.021484, 817.382812
-339.599609, -943.115234, 713.867188
-440.673828, -919.677734, 485.351562
-516.357422, -871.826172, 592.773438
-659.423828, -858.154297, 429.687500
-689.208984, -600.341797, 519.531250
-741.943359, -653.564453, 504.882812
-770.263672, -482.177734, 358.398438
-825.927734, -277.587891, 364.257812
-898.193359, -157.470703, 300.781250
-880.126953, -94.482422, 285.644531
-907.958984, 2.929688, 390.625000
-912.353516, 88.867188, 489.257812
-962.646484, 144.531250, 634.765625
-808.837891, 93.750000, 729.492188
-775.634766, 135.253906, 863.769531
-661.376953, 0.488281, 1128.906250
-,-,-
-459.228516, -122.802734, 941.406250
-366.943359, -136.962891, 1098.632812
-617.919922, -58.837891, 869.628906
-607.666016, -54.443359, 857.421875
-733.642578, -7.568359, 938.476562
-819.580078, 39.550781, 831.542969
-844.970703, 103.515625, 703.125000
-825.927734, 12.695312, 599.609375
-892.333984, 15.625000, 515.136719
-904.052734, -29.052734, 501.953125
-836.181641, -104.248047, 375.976562
-853.759766, -165.771484, 388.183594
-923.095703, -231.201172, 284.667969
-981.201172, -383.544922, 211.914062
-1011.962891, -500.732422, 219.726562
-986.572266, -619.384766, 207.031250
-901.123047, -705.810547, 151.367188
-712.158203, -733.154297, 230.468750
-535.888672, -891.357422, 532.226562
-366.943359, -749.755859, 693.359375
-,-,-
-211.181641, -603.271484, 999.023438
-384.521484, -615.478516, 737.792969
-356.689453, -751.708984, 821.289062
-615.478516, -688.232422, 593.750000
-571.533203, -756.103516, 653.320312
-761.474609, -690.185547, 517.578125
-725.341797, -598.388672, 345.703125
-869.873047, -594.970703, 342.773438
-822.021484, -482.177734, 245.117188
-864.501953, -406.005859, 299.804688
-881.591797, -279.541016, 273.437500
-887.451172, -120.849609, 240.234375
-895.263672, -30.029297, 333.007812
-966.064453, 60.058594, 360.351562
-1059.326172, 106.445312, 384.277344
-922.607422, 121.093750, 663.085938
-702.880859, 93.750000, 1062.988281
-539.794922, 57.617188, 1227.050781
-,-,-
-450.927734, 5.859375, 1034.667969
-483.154297, 57.617188, 1070.312500
-538.330078, 35.156250, 1040.039062
-636.474609, 75.195312, 941.406250
-718.017578, 63.476562, 846.679688
-721.435547, 102.539062, 760.742188
-771.728516, 30.273438, 731.445312
-875.732422, 67.382812, 592.773438
-837.646484, -18.798828, 582.031250
-907.470703, -47.607422, 461.914062
-911.376953, -125.732422, 418.945312
-866.455078, -277.099609, 384.277344
-917.724609, -248.779297, 314.453125
-925.048828, -396.728516, 354.003906
-930.908203, -499.755859, 356.445312
-935.302734, -596.923828, 272.460938
-867.431641, -734.619141, 361.328125
-605.712891, -809.326172, 664.062500
-,-,-
-611.083984, -608.154297, 503.906250
-664.306641, -727.294922, 559.570312
-577.880859, -684.326172, 601.562500
-561.767578, -724.365234, 722.656250
-613.037109, -567.138672, 685.546875
-551.025391, -574.462891, 843.750000
-456.298828, -497.314453, 981.445312
-398.193359, -460.693359, 1109.375000
-532.958984, -383.544922, 983.886719
-1999.755859, 26.367188, 469.726562
-665.771484, -107.666016, 536.132812
-696.044922, -121.826172, 1100.097656
-1238.525391, 80.566406, 21.484375
-852.294922, -64.697266, -94.482422
-908.447266, -14.404297, 278.808594
-,-,-
-1000.732422, -94.482422, 235.351562
-997.314453, -172.607422, 254.394531
-954.345703, -219.970703, 457.519531
-1049.560547, -192.138672, 592.773438
-937.255859, -249.755859, 594.726562
-874.755859, -211.669922, 668.945312
-859.619141, -182.373047, 641.113281
-785.400391, -250.732422, 685.546875
-718.994141, -298.095703, 732.910156
-644.287109, -376.708984, 821.289062
-605.224609, -451.904297, 799.804688
-633.544922, -599.853516, 549.316406
-704.833984, -482.177734, 353.027344
-747.314453, -557.861328, 314.453125
-667.236328, -604.248047, 426.757812
-691.650391, -604.248047, 468.750000
-564.208984, -633.544922, 337.890625
-,-,-
-105.224609, -289.794922, 758.789062
-192.138672, -132.568359, 1128.906250
-24.658203, -260.986328, 1029.785156
1338.867188, -1999.755859, 1999.755859
-1828.857422, -1999.755859, -72.509766
-1999.755859, -1999.755859, -538.330078
444.335938, 1999.755859, 475.097656
-976.806641, 1999.755859, 1012.695312
-1572.998047, 1999.755859, 812.500000
-,-,-
-487.548828, 330.078125, 734.863281
-458.251953, 311.523438, 1124.511719
-161.376953, -155.517578, 1563.476562
256.347656, -1999.755859, 1330.078125
-1999.755859, -1999.755859, -1635.986328
-1149.658203, -1487.060547, -999.267578
115.234375, 1999.755859, 327.148438
-1580.322266, 1999.755859, 1800.292969
-,-,-
-293.212891, -1470.947266, 1104.492188
-1903.076172, -1999.755859, 686.523438
-1999.755859, -1999.755859, -1545.654297
-173.583984, 1819.824219, 350.097656
243.164062, 1999.755859, 1406.250000
-659.912109, 1999.755859, 1378.417969
-911.865234, 1999.755859, 274.414062
-,-,-
-1649.169922, -1999.755859, 130.859375
-1999.755859, -1999.755859, -623.779297
-1059.326172, 642.089844, 282.714844
-258.056641, 1999.755859, 1329.101562
-381.103516, 1999.755859, 834.472656
-390.869141, 1999.755859, 931.640625
-739.990234, 1555.664062, 11.718750
-,-,-
-665.283203, 805.664062, -241.943359
-837.158203, 1979.492188, 251.464844
166.015625, 1999.755859, 376.953125
-373.779297, 1999.755859, 783.691406
179.199219, 1233.886719, 1299.804688
-1326.904297, -958.251953, 587.402344
-1999.755859, -1999.755859, -210.693359
-1999.755859, -1999.755859, -368.896484
-1705.322266, -1999.755859, 263.183594
-,-,-
-1999.755859, 1826.660156, -1999.755859
-1999.755859, -248.779297, -963.134766
-1282.470703, -210.693359, 524.414062
-845.458984, -936.767578, 1812.011719
-1356.689453, -1099.365234, 982.421875
-1465.576172, -754.150391, 1714.843750
-1304.443359, -374.267578, 1896.484375
-457.763672, 572.753906, 1999.755859
1999.755859, 1960.937500, 1999.755859
1999.755859, 1999.755859, -455.322266
-1999.755859, 1960.937500, -1999.755859
-1999.755859, -722.412109, -695.068359
-1420.166016, 1079.589844, -142.822266
565.917969, 616.699219, 1520.019531
-375.244141, -142.822266, 1159.667969
-409.912109, 140.136719, 813.476562
-,-,-
-23.193359, -751.708984, 717.773438
-162.841797, -1430.908203, 607.421875
323.242188, -1921.630859, 489.257812
-69.091797, -1016.845703, 186.523438
455.078125, -159.423828, 831.542969
-206.298828, 1493.652344, 1436.523438
-,-,-
-375.244141, -1075.439453, 869.628906
-291.259766, -1794.677734, 672.363281
142.089844, -1554.443359, 484.863281
-58.837891, -608.642578, 802.246094
297.851562, 235.839844, 814.453125
-,-,-
0.976562, -463.623047, 957.031250
229.492188, -472.900391, 1150.390625
368.652344, -558.837891, 1213.867188
285.644531, -491.943359, 1356.445312
-58.837891, -824.951172, 1441.406250
39.550781, -775.146484, 1018.554688
-150.146484, -487.060547, 391.601562
-70.556641, -1244.873047, 181.640625
-117.431641, -575.439453, -186.279297
-505.615234, -263.427734, -293.212891
-1098.876953, 106.445312, 32.714844
-913.330078, 58.593750, 1311.035156
-633.056641, 17.578125, 1605.468750
101.074219, -489.501953, 1241.210938
449.707031, -1063.232422, 891.601562
-,-,-
170.410156, -579.833984, 1451.660156
254.882812, -641.845703, 942.382812
650.878906, -638.427734, 805.175781
403.320312, -1182.861328, 463.867188
205.566406, -1340.576172, -501.708984
85.449219, -1562.255859, -735.107422
-187.255859, -1386.962891, -267.333984
-526.611328, -824.951172, -217.529297
-,-,-
771.972656, -509.521484, 1361.328125
491.210938, -767.333984, 1134.765625
292.480469, -1167.724609, 29.785156
109.375000, -1869.384766, -1048.583984
-514.404297, -1999.755859, -1211.669922
-1300.537109, -1273.193359, -980.224609
-1587.158203, -220.947266, 553.710938
-426.513672, 177.246094, 1871.582031
1294.433594, -326.904297, 1999.755859
-,-,-
-725.341797, -1280.029297, -21.240234
-691.650391, -592.041016, 394.531250
-823.974609, -341.552734, 579.589844
303.710938, -925.537109, 1541.503906
1103.515625, -1032.470703, 1048.828125
831.542969, -1522.216797, -109.619141
-,-,-
-1578.369141, -573.486328, 1999.755859
317.382812, -908.935547, 1850.585938
-,-,-
-618.408203, -489.990234, 678.710938
-532.470703, -451.904297, 650.390625
-553.466797, -487.060547, 695.312500
-555.908203, -483.154297, 695.312500
-599.365234, -492.919922, 734.863281
-571.533203, -406.005859, 621.093750
-635.498047, -546.630859, 848.632812
-385.498047, -560.302734, 1005.859375
279.785156, -1316.162109, 1728.515625
424.804688, -1081.787109, 1265.625000
-,-,-
-729.248047, -273.193359, 907.226562
-1060.791016, -1005.126953, 1496.093750
-559.814453, -1999.755859, 1505.859375
-635.009766, -1581.787109, 1176.757812
-1449.462891, 13.671875, 323.730469
-762.939453, 134.765625, -335.693359
6.347656, 98.144531, -525.146484
-,-,-
-531.005859, -1123.779297, -713.134766
-406.005859, -591.064453, -982.177734
-908.447266, -220.458984, -386.474609
223.144531, -272.216797, -155.517578
-93.505859, -23.681641, 33.203125
-1051.025391, 299.316406, 482.910156
-777.587891, 243.164062, 1475.585938
-936.279297, 188.964844, 1516.113281
-1065.185547, -33.935547, 1381.347656
-1229.736328, -416.259766, 1353.027344
-,-,-
-6.103516, -471.435547, -814.208984
-549.072266, -499.267578, -144.287109
-760.009766, 687.988281, 283.203125
-618.896484, 130.859375, 841.308594
-514.892578, 243.164062, 1517.089844
-,-,-
-398.193359, -995.361328, -300.537109
-419.189453, -1052.978516, -82.763672
-683.837891, -602.294922, 629.882812
-706.787109, 55.175781, 711.914062
-1093.017578, -64.208984, 906.738281
-802.490234, -289.794922, 1175.781250
-762.451172, -422.607422, 1344.726562
-907.470703, -602.294922, 1121.582031
-,-,-
-405.517578, -458.251953, 672.363281
-1999.755859, -944.091797, -1301.513672
-1999.755859, -757.080078, -1499.755859
-760.498047, 1141.601562, 701.660156
-51.025391, 1718.750000, 1999.755859
682.128906, 1661.132812, 1901.367188
687.011719, 957.519531, 1808.593750
506.347656, 587.890625, 1244.140625
253.417969, 385.742188, 1038.085938
-75.927734, 204.101562, 953.125000
-,-,-
-315.673828, -332.763672, 837.402344
49.316406, -875.244141, 1065.429688
204.101562, -977.783203, 1167.968750
-22.705078, -564.697266, 1671.386719
1541.503906, 751.464844, 1680.175781
1706.542969, 1886.230469, 1614.746094
-32.958984, 1999.755859, 916.992188
-1143.310547, 1813.964844, 161.621094
-1864.990234, 1063.476562, -72.998047
-1988.037109, 408.203125, -31.982422
-1716.552734, -21.728516, -98.876953
-,-,-
-1398.681641, -249.755859, -31.982422
-1999.755859, 15.136719, -385.986328
-1999.755859, 319.335938, -1702.392578
-469.970703, 1125.000000, 742.675781
398.437500, 1598.632812, 1441.406250
551.757812, 1382.812500, 1999.755859
1999.755859, 1796.875000, 1999.755859
1871.093750, 1782.714844, 1999.755859
864.257812, 1565.429688, 1197.265625
-1163.818359, 948.730469, 401.367188
-1906.494141, 343.750000, -489.501953
-1999.755859, 130.859375, 275.878906
-1999.755859, -273.193359, -23.193359
-1999.755859, -400.634766, -288.330078
-1999.755859, -614.501953, -967.041016
-1999.755859, 473.144531, -1307.861328
440.429688, 1664.550781, 567.871094
712.890625, 1999.755859, 1834.472656
997.558594, 1728.027344, 1999.755859
594.726562, 1092.285156, 1999.755859
-,-,-
1153.320312, 828.613281, 1824.707031
1999.755859, 1999.755859, 1944.335938
1116.699219, 1999.755859, 12.695312
-1999.755859, 1999.755859, 820.312500
-1999.755859, 1166.015625, -1119.384766
-1958.740234, 525.390625, -272.705078
-1212.158203, -158.447266, 536.621094
-309.814453, -182.373047, 522.460938
-1055.908203, -443.115234, 857.421875
-465.087891, 59.570312, 663.085938
-892.822266, -143.310547, 477.539062
-,-,-
-251.220703, 139.648438, 579.589844
-732.177734, 154.785156, 500.976562
-1156.494141, 451.171875, 491.210938
-773.193359, 515.136719, 687.500000
-903.564453, 230.468750, 993.164062
218.750000, 87.890625, 1002.929688
-237.548828, -219.970703, 1344.726562
1166.015625, 52.246094, 1358.398438
579.589844, -286.865234, 1051.757812
725.097656, -119.384766, 1014.648438
-93.994141, -362.060547, 1263.671875
-49.560547, -355.712891, 969.238281
17.089844, -322.509766, 994.628906
-564.697266, -351.318359, 955.078125
123.046875, -268.310547, 752.929688
-607.666016, -355.712891, 906.250000
-12.451172, -289.794922, 758.789062
-214.599609, -241.455078, 790.039062
-96.923828, -258.544922, 764.648438
129.882812, -244.873047, 787.109375
245.605469, -162.353516, 1504.394531
167.480469, -166.748047, 1293.945312
-,-,-
1999.755859, 1726.074219, 839.355469
-235.107422, 1315.429688, 604.492188
-1548.583984, 199.707031, 174.804688
-1999.755859, -418.212891, 1071.777344
-878.173828, -233.154297, 330.078125
-1148.193359, -528.076172, 822.265625
-377.685547, -326.904297, 869.628906
-358.154297, -357.666016, 731.445312
-,-,-
-1763.427734, -124.755859, 207.031250
-1068.115234, 68.359375, 316.406250
-1999.755859, -518.798828, -166.748047
-1746.826172, -311.279297, -699.951172
-1999.755859, -342.529297, -599.853516
-950.927734, 259.765625, 207.031250
340.332031, 749.023438, 1487.792969
447.265625, 805.175781, 1368.164062
565.917969, 610.351562, 1426.757812
779.296875, 661.132812, 1365.234375
1999.755859, 1600.097656, 1999.755859
1999.755859, 1781.250000, 1915.039062
-190.185547, 1378.906250, 520.996094
-1999.755859, 86.425781, -190.673828
-1754.638672, 127.929688, -0.244141
-1386.474609, -64.697266, -4.638672
-1226.806641, -296.142578, 226.562500
-489.501953, -218.017578, 469.726562
-749.755859, -383.544922, 459.960938
-,-,-
270.507812, -14.404297, 752.929688
583.984375, 401.367188, 763.671875
355.957031, 458.496094, 1165.039062
681.640625, 434.570312, 1119.140625
-82.275391, 343.750000, 1411.132812
746.582031, 915.039062, 1068.359375
1999.755859, 1735.351562, 915.039062
1999.755859, 1999.755859, -1066.162109
-,-,-
-1999.755859, -45.654297, -790.771484
-1277.587891, 270.507812, -601.806641
-67.138672, 399.414062, 647.460938
216.796875, 506.835938, 1136.230469
340.820312, 419.921875, 1722.656250
365.234375, 350.585938, 1400.390625
-126.220703, 100.585938, 1618.164062
23.437500, 134.765625, 1230.468750
-40.283203, 58.105469, 1346.679688
-440.185547, -86.669922, 1101.562500
-,-,-
35.156250, -487.060547, 486.328125
348.632812, -469.482422, 690.429688
102.539062, -291.748047, 959.960938
-857.666016, -317.626953, 899.902344
-1067.626953, -114.013672, 1177.734375
-674.072266, 256.835938, 982.421875
-880.615234, 615.722656, 1132.812500
-601.806641, 1181.640625, 854.492188
57.617188, 1556.640625, 995.605469
-133.544922, 1252.441406, 908.203125
-283.447266, 677.734375, 380.859375
-609.619141, -455.322266, 544.433594
-1034.912109, -1210.205078, 457.031250
-882.568359, -1232.666016, 649.414062
-568.603516, -1047.607422, 1043.945312
-499.755859, -744.873047, 1075.195312
-149.169922, -440.185547, 910.156250
-351.806641, -321.533203, 1102.539062
-251.708984, -115.478516, 872.070312
-,-,-
-28.564453, -742.919922, 1039.062500
-37.353516, -902.099609, 446.777344
-599.365234, -715.087891, 1099.609375
-883.056641, 27.343750, 641.113281
-1181.884766, 5.371094, 1045.898438
-808.349609, 295.898438, 783.203125
-690.673828, 405.273438, 699.218750
-,-,-
-466.064453, -92.529297, 614.257812
-401.123047, 8.789062, 1019.531250
-547.607422, -8.544922, 812.500000
-703.369141, -11.474609, 831.542969
-453.369141, -15.380859, 838.378906
-737.548828, -41.259766, 833.007812
-375.732422, 143.066406, 514.160156
-,-,-
-113.525391, -588.623047, 729.492188
84.960938, -525.146484, 823.242188
-279.541016, -601.806641, 788.085938
-93.505859, -567.138672, 818.359375
-138.916016, -609.130859, 936.035156
-80.322266, -595.458984, 804.199219
-,-,-
-157.958984, -1557.373047, 479.980469
-11.474609, -1159.912109, 578.613281
-96.435547, -729.736328, 723.632812
303.222656, 455.566406, 942.382812
-87.646484, 498.535156, 1031.738281
-18.798828, 450.683594, 1104.492188
391.601562, 786.132812, 1255.371094
-,-,-
147.949219, -55.419922, 980.468750
89.355469, -290.771484, 901.855469
272.460938, -38.818359, 1123.046875
425.781250, 417.480469, 1312.500000
665.039062, 1041.015625, 1466.796875
256.835938, 1291.503906, 841.308594
-824.951172, 188.964844, 567.382812
-1456.298828, -591.552734, 475.585938
-1253.173828, -666.748047, 452.148438
-906.982422, -639.404297, 576.171875
-,-,-
186.035156, -149.169922, 996.582031
725.585938, -50.537109, 1270.507812
835.449219, 415.527344, 1630.859375
403.808594, 384.277344, 1453.125000
-173.095703, 163.085938, 1055.175781
-614.501953, -241.943359, 681.640625
-605.712891, -194.091797, 564.941406
-725.341797, -81.298828, 603.515625
-1132.568359, -90.576172, 522.460938
-1543.701172, 183.593750, 174.804688
-1462.158203, -162.841797, 316.406250
-868.896484, -133.544922, 769.042969
-12.939453, 9.765625, 1382.812500
417.968750, 83.984375, 1501.953125
565.917969, 68.359375, 1479.492188
504.882812, -13.427734, 1423.339844
446.777344, -156.494141, 1240.234375
665.039062, -65.185547, 1079.101562
813.964844, 72.265625, 1108.398438
1031.738281, 556.152344, 1243.164062
324.218750, 625.000000, 1053.710938
-575.927734, 177.246094, 988.281250
-,-,-
211.914062, 720.214844, 785.156250
-199.951172, 375.000000, 955.078125
1999.755859, 1999.755859, 1199.707031
264.160156, 1445.800781, 390.625000
-,-,-
-1611.572266, -1201.904297, 598.632812
-1480.224609, -1535.888672, 895.507812
-,-,-
566.894531, 663.085938, 1065.429688
464.355469, 737.792969, 1074.218750
-220.947266, -317.626953, 633.789062
-536.865234, -697.998047, 601.562500
-539.794922, -707.763672, 710.937500
-,-,-
-378.173828, -726.318359, 1999.755859
166.015625, 318.847656, 1202.636719
-33.935547, -111.572266, 5.859375
41.503906, -87.646484, 112.304688
41.503906, 86.914062, 241.210938
-,-,-
-759.521484, -545.654297, 1052.246094
-532.470703, -661.865234, 1999.755859
-196.044922, -296.142578, 1912.109375
-107.177734, -33.935547, 1420.898438
-82.275391, -42.724609, 1212.890625
-,-,-
198.242188, 192.871094, 1031.738281
1086.914062, 811.523438, 1442.382812
67.382812, 259.277344, 713.378906
-801.513672, -163.330078, 153.808594
-990.478516, -343.505859, 492.187500
-1150.146484, -217.529297, 443.359375
-1052.490234, -176.513672, 652.343750
-748.291016, -120.361328, 971.679688
-631.591797, 19.042969, 875.000000
-538.818359, 13.671875, 964.355469
-550.537109, -99.853516, 875.976562
-,-,-
-1902.099609, 199.707031, 188.964844
-698.974609, 486.328125, 597.656250
-208.251953, 533.203125, 307.617188
324.218750, 844.726562, 776.855469
-,-,-
-237.548828, 1029.785156, 263.671875
-1228.271484, -1329.345703, 1512.207031
-1456.298828, -643.310547, 649.414062
-1221.435547, -370.849609, 888.671875
-505.615234, -14.404297, 1153.808594
-,-,-
-888.916016, -1157.958984, 1999.755859
-1137.451172, -461.181641, 452.636719
-425.048828, -229.248047, 812.500000
-15.380859, 607.421875, 475.585938
136.230469, 512.207031, 458.007812
-,-,-
297.363281, 544.921875, 913.085938
71.777344, 158.691406, 1001.953125
-31.494141, -211.669922, 1334.960938
-181.884766, -347.412109, 1372.070312
-240.478516, -357.666016, 1332.031250
-205.322266, -228.271484, 1350.097656
-155.517578, -13.916016, 1084.960938
-,-,-
322.753906, -275.146484, 1341.796875
167.480469, -125.244141, 739.746094
-364.501953, -47.607422, 836.425781
-277.099609, 212.402344, 274.414062
-,-,-
-65.673828, -619.384766, 1142.578125
55.664062, -249.755859, 1064.453125
-140.380859, -391.357422, 871.093750
-75.927734, -418.701172, 974.609375
-,-,-
166.503906, -547.607422, 1216.308594
273.437500, -263.427734, 1117.187500
74.218750, -217.529297, 1006.835938
-174.072266, -533.447266, 1153.320312
-,-,-
-76.416016, -187.255859, 881.835938
172.851562, 272.460938, 841.796875
-43.701172, 50.781250, 771.972656
-90.576172, 6.835938, 1034.179688
-,-,-
107.910156, -278.564453, 1066.894531
74.218750, -608.154297, 728.515625
156.250000, -441.162109, 740.722656
254.394531, -405.029297, 958.007812
327.636719, -205.810547, 928.710938
230.468750, -259.521484, 972.656250
255.859375, -209.716797, 962.890625
203.125000, -242.919922, 925.292969
134.765625, -327.880859, 929.199219
128.906250, -291.748047, 945.312500
107.421875, -299.560547, 950.195312
137.207031, -203.857422, 1002.929688
114.257812, -216.552734, 1022.460938
197.753906, -259.033203, 869.628906
187.500000, -379.150391, 956.054688
115.234375, -352.294922, 1022.460938
40.527344, -455.810547, 923.339844
194.335938, -420.654297, 937.500000
143.554688, -537.353516, 1052.734375
-,-,-
85.449219, -148.193359, 1050.781250
46.875000, -135.498047, 959.960938
18.554688, -149.169922, 914.062500
-37.353516, -210.693359, 896.484375
9.765625, -103.271484, 975.585938
-27.099609, -140.869141, 1016.601562
-30.517578, -133.544922, 1008.789062
23.925781, -13.427734, 1038.085938
27.832031, -38.330078, 1039.062500
12.207031, -22.705078, 1039.062500
-6.103516, -72.021484, 1035.156250
6.347656, -62.744141, 1015.625000
-33.935547, -89.599609, 1012.695312
-12.939453, -71.044922, 985.351562
-8.544922, -57.373047, 934.082031
17.089844, -122.314453, 1039.062500
33.691406, -488.037109, 1999.755859
292.480469, 106.933594, 1999.755859
48.828125, 169.921875, 1849.609375
-,-,-
-15.380859, -73.974609, 949.218750
-72.509766, -103.271484, 1112.304688
-168.701172, -134.521484, 979.492188
-133.544922, -153.076172, 1041.992188
-148.681641, -114.013672, 982.421875
-148.681641, -112.060547, 975.585938
-126.220703, -32.958984, 1008.789062
-151.123047, -37.841797, 965.332031
-126.220703, -22.705078, 987.304688
-107.666016, -25.146484, 1075.195312
-147.216797, -80.810547, 1084.960938
-120.361328, -211.181641, 1457.031250
-237.060547, -473.388672, 1999.755859
-3.662109, 184.082031, 1999.755859
-248.291016, 227.539062, 1556.152344
-,-,-
-244.384766, -764.404297, 1603.515625
-323.486328, -896.728516, 1999.755859
-69.580078, -660.888672, 1638.183594
-95.947266, -139.892578, 542.480469
-2.685547, 59.082031, -218.505859
114.746094, 15.625000, 56.640625
-,-,-
-242.919922, -1175.048828, 875.488281
-136.962891, -1362.060547, 707.519531
-256.591797, -790.771484, 687.500000
-235.107422, 74.707031, 953.613281
-245.361328, 498.535156, 863.769531
-,-,-
-182.373047, -389.404297, 958.496094
-189.208984, -479.248047, 751.953125
-196.533203, -488.037109, 646.972656
133.789062, 308.593750, 273.437500
1315.917969, 835.449219, -77.392578
-539.306641, 386.718750, -141.357422
-1875.732422, -270.263672, 1113.281250
-1831.787109, -756.103516, 955.078125
-1325.439453, 28.320312, 903.808594
-1089.599609, -621.337891, 1029.785156
-819.580078, 12.695312, 551.269531
-1132.080078, 112.792969, 674.316406
-885.009766, -108.154297, 586.914062
-841.552734, 54.687500, 539.062500
-818.115234, 104.492188, 773.925781
-849.365234, 93.750000, 482.910156
-808.349609, 136.230469, 596.679688
-803.466797, 91.796875, 598.632812
-799.560547, 61.035156, 529.296875
-793.212891, 178.710938, 730.468750
-845.947266, 103.515625, 526.367188
-826.904297, 52.734375, 573.242188
-819.091797, 103.515625, 673.339844
-845.947266, 87.890625, 537.109375
-846.923828, 75.195312, 582.519531
-884.521484, 125.976562, 710.449219
-1235.595703, -31.005859, 951.171875
-1508.544922, -239.990234, 1528.320312
-,-,-
-347.900391, 341.308594, 990.234375
-352.783203, 1044.921875, 1887.695312
-333.740234, 984.375000, 1749.023438
-114.990234, 784.179688, 1765.136719
-512.939453, -170.654297, 1125.488281
-,-,-
16.601562, 1793.945312, 1500.976562
-182.861328, 651.855469, 1295.898438
-155.517578, 453.613281, 895.019531
-72.998047, 407.226562, 813.476562
-112.060547, 373.046875, 1075.195312
-121.826172, 405.273438, 1024.902344
-,-,-
1.953125, -385.986328, 829.101562
39.062500, -337.158203, 948.242188
-20.263672, -217.041016, 970.703125
-15.380859, -171.630859, 1027.832031
-59.814453, -120.361328, 1055.175781
-114.990234, -252.685547, 1083.984375
-,-,-
-1614.013672, -109.619141, -1999.755859
-938.720703, 31.250000, -1074.951172
-718.017578, 339.355469, -1381.103516
-802.490234, 101.562500, -1271.240234
-947.998047, -228.271484, -408.935547
-938.720703, 101.074219, -896.728516
-,-,-
-96.435547, -445.068359, 943.359375
-199.951172, -553.466797, 903.320312
-101.806641, -1263.916016, 865.234375
-339.111328, -1484.130859, 791.015625
-108.642578, -698.486328, 653.320312
-288.818359, -17.822266, 963.378906
-195.068359, 825.195312, 971.679688
-51.513672, 666.015625, 1217.773438
-107.666016, 791.503906, 1083.984375
-179.443359, 396.972656, 1035.156250
-44.677734, 118.164062, 803.222656
-,-,-
246.582031, -56.884766, -165.771484
101.074219, 145.507812, -272.216797
-789.306641, 153.320312, -47.607422
-1740.478516, 5.859375, -197.998047
-1999.755859, -5.615234, 453.613281
-1999.755859, 141.113281, 518.554688
-1389.892578, 166.015625, 38.085938
-1153.076172, 12.695312, 239.257812
-1056.396484, 195.800781, 47.851562
-1072.509766, 57.128906, 102.539062
-1065.185547, 171.875000, 111.328125
-989.990234, 170.898438, 152.343750
-1108.154297, -30.029297, 221.191406
-1279.052734, 183.593750, 78.125000
-1249.267578, 135.253906, 271.484375
-1211.181641, -136.962891, 427.734375
-,-,-
-311.767578, -99.853516, 935.058594
-265.380859, -5.615234, 872.070312
-199.951172, -185.302734, 947.265625
-295.654297, 0.976562, 949.218750
-330.810547, -61.279297, 947.265625
-336.669922, 82.519531, 955.078125
-301.513672, -58.837891, 1031.738281
-441.162109, -72.021484, 1285.156250
-551.513672, -114.013672, 1626.953125
-647.216797, -66.162109, 1999.755859
-486.083984, -33.935547, 1999.755859
-247.802734, 736.816406, 952.148438
-13.916016, 164.062500, -295.166016
38.085938, 82.519531, -553.466797
152.343750, -14.404297, -843.017578
19.531250, -122.314453, -937.744141
-,-,-
-952.392578, 77.636719, 401.367188
-1008.544922, 171.875000, 386.230469
-978.271484, 113.769531, 269.531250
-938.720703, 357.910156, 288.574219
-962.646484, 238.769531, 283.203125
-1053.466797, 338.378906, 182.617188
-992.431641, 352.539062, 228.515625
-1053.466797, 272.460938, 184.570312
-1173.583984, 333.496094, 156.250000
-1540.283203, 180.664062, 101.562500
-1999.755859, 88.867188, 140.625000
-1999.755859, 63.476562, 116.210938
-1999.755859, 222.167969, 494.140625
-1282.958984, 593.750000, 7.324219
-1128.173828, 993.164062, 188.964844
-,-,-
463.378906, -401.611328, 631.835938
1129.882812, -231.689453, 600.585938
392.578125, 251.464844, 575.683594
-366.943359, -409.912109, 1452.148438
-234.130859, 111.816406, 996.582031
-528.076172, 181.152344, 848.632812
-701.904297, 177.246094, 364.257812
-975.341797, 369.140625, 52.246094
-1364.990234, 82.519531, -64.697266
-1487.548828, -12.451172, -187.255859
-1418.701172, 209.960938, -304.443359
-1646.240234, -311.279297, -225.830078
-1318.603516, 396.972656, -89.599609
-647.705078, 219.238281, 77.148438
-601.318359, 376.464844, 682.617188
-29.541016, 344.238281, 1140.625000
34.179688, 127.441406, 1222.167969
126.953125, 28.320312, 1257.324219
49.316406, -302.978516, 1339.843750
246.582031, -42.236328, 1108.398438
158.203125, -37.841797, 930.664062
51.757812, -193.115234, 1020.507812
347.167969, 174.316406, 766.113281
-92.529297, 419.433594, 236.328125
-679.931641, 666.015625, 291.015625
-906.005859, 295.410156, 918.945312
-1212.158203, -618.896484, 1195.800781
-1125.732422, 361.816406, 520.019531
-1170.166016, 175.292969, 49.804688
-929.443359, 219.238281, 314.453125
-844.970703, 451.171875, 83.007812
-1003.662109, 456.542969, 103.515625
-946.044922, 375.488281, 285.644531
-,-,-
-1346.923828, 279.785156, -30.517578
-1860.107422, 508.789062, -427.490234
-1877.685547, -45.166016, -85.693359
-1279.052734, 864.257812, -27.099609
-544.189453, 170.898438, 469.726562
-418.701172, 1077.636719, 45.898438
-,-,-
577.636719, -202.880859, 891.601562
422.363281, 720.703125, 1331.054688
-17.822266, 828.125000, 1659.667969
-288.330078, 946.777344, 1279.296875
-1004.150391, 806.640625, 941.406250
-1427.978516, -188.232422, 7.324219
-1447.998047, -101.806641, -181.396484
-1191.162109, -511.474609, 189.941406
-1126.220703, -121.337891, 64.941406
-1135.009766, -281.005859, 113.769531
-934.326172, -300.537109, 735.351562
-,-,-
-296.630859, -574.462891, 750.976562
-260.009766, -564.208984, 760.742188
-233.642578, -543.701172, 781.250000
-239.501953, -557.861328, 765.625000
-263.916016, -575.439453, 766.601562
-250.244141, -537.353516, 762.695312
-268.798828, -569.091797, 785.156250
-279.541016, -547.607422, 756.835938
-300.048828, -554.443359, 771.972656
-281.982422, -586.669922, 778.320312
-276.611328, -513.427734, 754.882812
-273.193359, -547.607422, 775.390625
-295.654297, -545.654297, 767.578125
-293.212891, -509.521484, 739.746094
-289.794922, -520.751953, 666.992188
-457.763672, -730.224609, 718.750000
-871.826172, -1566.162109, 1999.755859
-1343.505859, -1481.689453, 1999.755859
-501.220703, -471.923828, 1020.019531
-,-,-
-249.267578, -421.630859, 951.171875
-331.787109, -333.740234, 874.511719
-296.630859, -310.302734, 793.945312
-322.509766, -468.505859, 830.566406
-367.431641, -411.865234, 736.816406
-358.642578, -519.287109, 781.738281
-398.193359, -580.810547, 824.218750
-352.294922, -492.919922, 752.929688
-482.666016, -487.060547, 558.593750
-416.748047, -516.357422, 875.000000
-412.353516, -492.919922, 773.925781
-423.583984, -489.013672, 734.863281
-395.263672, -451.904297, 773.925781
-408.447266, -391.357422, 735.351562
-403.076172, -502.685547, 750.976562
-600.341797, -1096.923828, 860.351562
-1333.251953, -1999.755859, 336.914062
-1686.279297, -1999.755859, 814.941406
-815.185547, 1660.644531, -80.810547
-,-,-
-199.951172, -433.837891, 1026.855469
68.359375, -18.798828, 881.835938
223.632812, -44.677734, 922.363281
-43.212891, -350.341797, 1105.468750
37.109375, -177.978516, 1002.929688
-20.263672, -323.974609, 1150.390625
-67.626953, -211.669922, 1110.351562
-82.275391, -63.720703, 841.308594
-96.435547, -218.994141, 1091.796875
-119.384766, -114.501953, 832.519531
-146.240234, -45.654297, 783.203125
-91.064453, -209.716797, 1063.964844
-138.916016, 20.996094, 868.652344
-,-,-
23.925781, -32.958984, 1011.718750
25.390625, -24.169922, 989.257812
26.367188, -23.193359, 981.445312
29.296875, -21.728516, 991.210938
27.343750, -32.958984, 993.164062
22.460938, -12.451172, 990.234375
13.183594, -25.146484, 989.257812
17.089844, -26.123047, 1008.789062
26.855469, -3.662109, 982.421875
16.113281, -2.685547, 980.468750
23.925781, -14.404297, 991.210938
24.414062, -20.751953, 984.375000
18.066406, -22.705078, 986.328125
27.343750, -17.822266, 991.210938
20.507812, -21.728516, 1002.929688
31.738281, -31.982422, 985.351562
-,-,-
30.273438, -42.724609, 1005.859375
19.531250, -18.798828, 1000.976562
8.789062, -18.798828, 993.164062
19.531250, -16.357422, 987.304688
22.460938, -21.240234, 996.582031
21.972656, -13.427734, 976.562500
23.925781, -25.146484, 991.210938
20.507812, -23.193359, 990.234375
26.367188, -24.169922, 983.398438
22.460938, -17.333984, 988.281250
28.808594, -18.798828, 988.281250
27.832031, -29.052734, 996.582031
-,-,-
21.484375, -21.240234, 1006.835938
30.273438, -24.658203, 982.421875
20.996094, -15.380859, 992.187500
20.019531, -31.982422, 988.769531
22.460938, -12.451172, 995.117188
-2.197266, -11.474609, 986.328125
28.808594, -20.751953, 991.210938
19.531250, -17.333984, 989.257812
24.414062, -28.076172, 986.328125
15.625000, -22.705078, 994.140625
17.089844, -16.845703, 985.351562
18.554688, -12.451172, 986.328125
19.531250, -20.751953, 987.304688
14.648438, -23.681641, 990.234375
-49.560547, 5.371094, 999.023438
20.507812, -23.681641, 998.535156
15.625000, -12.451172, 990.234375
26.855469, -6.591797, 992.187500
9.765625, -19.775391, 988.281250
17.089844, -13.427734, 1021.484375
5.371094, 21.484375, 975.585938
10.742188, 19.042969, 993.164062
53.710938, 60.058594, 982.421875
14.160156, 55.664062, 980.468750
17.089844, 56.640625, 992.187500
20.019531, 31.250000, 1000.000000
20.507812, 53.710938, 989.257812
6.835938, 73.242188, 990.234375
14.648438, 47.851562, 987.304688
15.625000, 48.828125, 993.164062
-1.220703, 57.617188, 980.468750
19.531250, 33.203125, 975.585938
23.925781, 20.507812, 971.191406
-18.798828, -12.451172, 977.539062
56.152344, -30.029297, 1048.828125
15.136719, -28.076172, 981.445312
43.945312, -9.521484, 1007.812500
21.484375, -21.240234, 988.281250
-,-,-
27.343750, -135.498047, 973.632812
62.011719, -119.384766, 992.187500
52.246094, -140.380859, 972.656250
59.082031, -116.455078, 982.421875
56.152344, -134.033203, 987.304688
44.921875, -122.802734, 975.585938
44.921875, -129.638672, 970.703125
49.316406, -128.662109, 983.398438
53.222656, -128.662109, 985.351562
34.667969, -127.685547, 977.539062
43.457031, -116.455078, 945.312500
41.992188, -220.458984, 1041.992188
44.921875, -134.521484, 967.285156
45.410156, -127.685547, 983.398438
35.644531, -125.732422, 981.445312
57.128906, -118.408203, 971.679688
44.921875, -130.615234, 980.468750
57.617188, -126.708984, 988.281250
50.781250, -122.802734, 973.632812
48.828125, -145.263672, 985.351562
62.500000, -225.341797, 1011.718750
47.363281, -246.826172, 952.148438
11.718750, -265.380859, 1038.085938
-27.099609, -340.576172, 1021.484375
11.230469, -306.396484, 1034.179688
66.894531, -258.056641, 1044.921875
27.343750, -308.349609, 1015.625000
-80.810547, -327.880859, 908.203125
-16.845703, -219.482422, 1040.039062
135.253906, -295.654297, 986.328125
1.953125, -203.857422, 964.355469
-0.244141, -236.083984, 1015.625000
-129.638672, -382.568359, 1039.062500
-71.044922, -432.373047, 864.257812
-308.349609, -287.841797, 920.410156
-443.603516, -282.470703, 1114.257812
-335.693359, -482.177734, 771.972656
-444.091797, -219.970703, 946.289062
-482.666016, -277.099609, 787.109375
-330.810547, -348.388672, 859.375000
-553.955078, -132.568359, 501.953125
-789.306641, -344.482422, 665.039062
-752.685547, -248.779297, 625.000000
-1068.603516, -156.494141, 434.570312
-,-,-
-389.892578, -433.349609, 623.046875
-367.431641, -654.541016, 767.089844
-376.708984, -692.138672, 694.335938
-492.431641, -561.767578, 694.335938
-363.525391, -550.537109, 663.085938
-219.482422, -635.986328, 766.601562
193.359375, -597.412109, 758.789062
511.718750, -571.533203, 838.867188
894.531250, -589.599609, 1028.808594
1477.539062, -362.548828, 1064.941406
1519.531250, -438.720703, 933.105469
874.023438, -706.787109, 933.105469
-196.044922, -853.759766, 388.671875
-440.673828, -676.025391, 272.460938
-1497.314453, 16.113281, -546.142578
-798.095703, -449.951172, -419.189453
-923.095703, 34.667969, -378.662109
-939.208984, -123.291016, -489.501953
-,-,-
-287.353516, -961.669922, -34.423828
143.066406, -1999.755859, 570.312500
-1861.572266, -1909.912109, -1257.080078
-1876.708984, -1350.830078, -1534.912109
-186.767578, -351.318359, -187.255859
472.167969, 347.656250, 134.765625
-,-,-
-1148.193359, -1645.751953, -110.595703
-1999.755859, -1999.755859, -986.083984
-1639.404297, -1773.681641, -572.998047
88.378906, 84.960938, -193.603516
808.593750, 951.660156, -105.224609
606.933594, 173.828125, 257.324219
-,-,-
-1381.591797, -1999.267578, -63.720703
-1999.755859, -1999.755859, -543.212891
-1999.755859, -1999.755859, -825.927734
131.347656, 142.089844, -91.552734
1256.347656, 1025.878906, 374.023438
-,-,-
-1519.287109, -1974.365234, -149.658203
-1999.755859, -1999.755859, -727.783203
-1999.755859, -1999.755859, -751.708984
-426.513672, 15.625000, -473.388672
769.531250, 850.585938, 62.011719
-,-,-
-639.892578, -815.673828, -217.529297
-1999.755859, -1999.755859, -19.287109
-1999.755859, -1999.755859, -305.419922
-1379.150391, -1999.755859, -531.982422
-577.392578, -79.345703, -253.173828
603.027344, 954.589844, -266.845703
-,-,-
-754.638672, -1129.150391, -293.212891
-1999.755859, -1999.755859, 289.550781
-1999.755859, -1999.755859, -220.458984
-1135.009766, -1936.279297, -275.146484
-86.669922, -91.552734, -100.830078
308.105469, 311.523438, -215.576172
-,-,-
38.085938, 1612.792969, -441.162109
-766.357422, -1560.302734, -89.599609
-1704.833984, -1999.755859, -619.384766
-1588.134766, -1999.755859, 500.000000
-859.130859, -1999.755859, 382.812500
-717.041016, -1999.755859, -50.537109
-820.068359, -1042.724609, -160.400391
-,-,-
765.625000, 1124.023438, -492.919922
-567.626953, -397.705078, -68.603516
-1531.494141, -1755.615234, -53.466797
-1443.603516, -1999.755859, 528.320312
-904.052734, -1999.755859, 699.707031
-765.869141, -1764.404297, 526.367188
-,-,-
1036.132812, 1977.539062, -656.982422
-1121.337891, -750.732422, 284.667969
-1768.310547, -1999.755859, 606.445312
-1199.462891, -1834.716797, 1012.695312
-701.416016, -1322.998047, 781.250000
-,-,-
-385.498047, -287.841797, 1209.960938
-279.052734, -187.255859, 998.535156
-11.474609, -286.865234, 976.562500
44.921875, -218.994141, 738.769531
336.425781, -207.275391, 756.835938
336.914062, -133.544922, 841.796875
503.417969, -31.005859, 888.671875
451.171875, -18.798828, 972.167969
571.777344, -122.802734, 1041.015625
417.480469, -179.931641, 1188.964844
-,-,-
-300.537109, -400.146484, 1028.808594
-211.669922, -468.505859, 1018.554688
-240.966797, -493.896484, 902.343750
-226.318359, -513.427734, 844.726562
11.230469, -493.896484, 844.726562
49.804688, -485.107422, 886.718750
156.738281, -426.513672, 762.695312
240.722656, -347.412109, 844.726562
350.097656, -368.896484, 899.902344
311.523438, -377.685547, 854.492188
340.820312, -315.673828, 899.902344
261.230469, -396.728516, 865.234375
206.542969, -397.705078, 932.128906
216.796875, -452.880859, 885.742188
215.332031, -453.857422, 905.273438
275.390625, -446.044922, 956.054688
323.242188, -445.068359, 857.421875
-,-,-
-709.228516, -1148.681641, 494.140625
-645.751953, -817.626953, 536.132812
-450.439453, -659.423828, 487.304688
143.066406, -593.994141, 288.574219
511.230469, -572.998047, 348.632812
895.996094, -325.927734, 261.718750
1167.968750, -212.646484, 140.625000
1206.054688, -263.427734, 236.328125
-,-,-
790.039062, -1103.271484, 630.859375
1386.718750, -1937.255859, 1558.105469
276.367188, -1471.923828, 1485.839844
251.464844, -935.302734, 579.589844
57.617188, -337.158203, -191.650391
-,-,-
380.371094, -1004.638672, 384.277344
285.644531, -1147.705078, 540.039062
489.746094, -990.478516, 512.207031
852.050781, -812.744141, 223.144531
1082.031250, -819.091797, 136.718750
965.332031, -622.802734, -57.373047
925.292969, -600.341797, 66.406250
906.738281, -661.865234, 116.210938
758.789062, -643.310547, 201.171875
833.496094, -751.220703, 211.914062
903.320312, -812.255859, 291.503906
-,-,-
729.980469, -667.724609, 25.878906
817.871094, -898.193359, 77.148438
912.109375, -887.939453, 175.781250
757.324219, -627.685547, 99.121094
880.859375, -717.041016, 122.558594
799.804688, -803.466797, 156.738281
882.324219, -715.087891, 66.894531
998.046875, -698.486328, 197.265625
1001.464844, -686.279297, 150.390625
1106.445312, -659.912109, 146.484375
-,-,-
-276.123047, -655.517578, 570.312500
-257.080078, -675.048828, 559.570312
-210.693359, -639.404297, 556.152344
-250.244141, -659.912109, 544.433594
-19.287109, -817.138672, 655.273438
81.542969, -738.037109, 666.992188
102.050781, -668.701172, 651.855469
235.839844, -821.044922, 725.585938
282.226562, -615.478516, 702.148438
390.625000, -684.326172, 708.496094
333.496094, -581.787109, 701.171875
519.042969, -641.357422, 703.125000
542.480469, -583.740234, 675.292969
644.042969, -594.970703, 620.117188
670.898438, -518.798828, 471.679688
773.925781, -640.869141, 572.265625
1170.898438, -271.240234, 398.437500
-,-,-
-436.767578, -864.013672, 316.406250
-767.333984, -491.943359, 168.457031
-363.525391, -781.982422, 457.031250
-658.447266, -623.779297, 588.867188
-470.947266, -545.654297, 868.652344
-293.212891, -469.482422, 857.421875
-382.080078, -328.857422, 692.382812
-440.673828, -613.525391, 1070.312500
-897.705078, -641.357422, 1381.347656
-1780.029297, -743.896484, 1502.929688
-270.263672, -828.857422, 737.792969
180.175781, -532.470703, -175.537109
-,-,-
131.347656, -329.833984, -821.044922
700.683594, -748.779297, -1216.552734
1445.312500, -406.005859, -1508.056641
844.726562, -1092.529297, -899.169922
361.328125, -497.314453, -422.119141
-1249.755859, 136.230469, -14.404297
-1380.126953, 384.765625, -87.158203
-1287.841797, -64.208984, 570.800781
-1178.955078, 156.738281, 257.324219
-732.177734, -166.748047, -17.333984
-,-,-
-340.087891, -682.373047, 571.289062
-347.900391, -657.958984, 596.679688
-328.369141, -705.810547, 684.570312
-401.123047, -645.263672, 680.175781
-117.919922, -532.958984, 269.531250
-270.751953, -610.107422, 729.492188
-,-,-
-465.087891, -862.060547, 699.218750
-778.564453, -872.802734, 719.726562
-521.240234, -891.845703, 747.558594
84.960938, -725.341797, 709.472656
889.648438, -689.208984, 786.132812
1551.269531, -681.396484, 987.304688
221.191406, -139.892578, 126.464844
-1241.455078, -513.916016, -634.521484
-908.935547, 280.761719, -815.185547
-572.998047, 77.636719, -1064.697266
-,-,-
-231.201172, -739.990234, 780.273438
-151.123047, -1083.740234, 548.828125
-152.099609, -885.498047, 252.441406
458.496094, -375.244141, 132.324219
120.117188, -1535.888672, -404.052734
750.488281, -575.439453, -435.302734
507.812500, -630.615234, -830.810547
-,-,-
963.378906, 100.585938, 1331.054688
530.761719, -287.841797, 551.757812
500.488281, -644.775391, -203.369141
222.656250, -621.337891, -454.345703
334.472656, -84.228516, -832.275391
129.394531, 304.687500, -1037.353516
-,-,-
-461.181641, 237.792969, -1200.439453
-71.044922, -458.740234, -436.279297
-103.759766, -475.830078, 282.714844
-171.630859, 106.445312, 1350.097656
-119.384766, -406.005859, 1223.144531
-150.146484, -1074.951172, 1450.683594
-,-,-
318.847656, -524.169922, 195.800781
132.324219, -531.005859, -482.177734
-211.669922, 508.789062, -1323.486328
104.003906, 316.894531, -1834.228516
-69.091797, -319.580078, -1177.490234
-131.103516, -445.068359, -1007.568359
